"slope" "angle" "top.layer3" "bot.layer3" "vs2" "vs3" "vs4" "density" "freq" "y.hat.Combined" "Quant.Combined" "LL.Combined" "UL.Combined" "y.hat.single" "LL.single" "UL.single" "y.hat.CGP" "LL.CGP" "UL.CGP" "y.true"
"1" -1.05860059981555 -1.47658061452627 -0.290972465440554 -1.03237275941761 0.357869075898629 -0.543142338923275 1.43858134690258 0.344806377683303 0.267098646622499 3.45212935719359 0.458 -1.95339026356605 8.90829426515128 3.18358203459471 -0.586794008545333 6.95395807773474 2.01710538813922 -0.592437632210164 4.6266484084886 4.81372651423313
"2" -1.05860059981555 -1.47658061452627 -0.290972465440554 1.27747306650122 0.323402247824024 -0.518369598265429 1.12599085543508 -0.264823002944885 0.267098646622499 3.50179207713422 0.5 -2.56852145742152 8.84985834576152 2.35013646355368 -0.47450459897789 5.17477752608524 2.41230813196376 0.192646801696774 4.63196946223075 2.33761134142695
"3" -1.05860059981555 -0.558499403421853 -0.290972465440554 -0.647398455097806 0.371655807128471 1.59439128355373 0.840003810049914 -1.48408176420126 -0.465883369355819 5.09441582169849 0.511 -0.436147035592364 10.3638236939936 6.59888143478352 4.54770611144291 8.65005675812412 5.65168530778948 3.96111059237614 7.34226002320283 6.15653301268306
"4" -1.05860059981555 -0.558499403421853 -0.290972465440554 0.122550153541805 0.337188979053866 1.32896906221967 0.56731848770592 1.56406513893968 0.267098646622499 3.58315551553735 0.515 -1.53206173520638 9.31881483373162 1.82622650778661 -0.449367550897704 4.10182056647093 1.33812369696164 -0.975765505405938 3.65201289932922 2.77387444471221
"7" -1.05860059981555 0.971635948418841 -0.290972465440554 -1.41734706373742 0.247575226059892 -0.11492782183765 -0.137672833476114 0.344806377683303 1.73306267857914 1.28620202145953 0.49 -3.72689255352498 6.75052380934785 1.08461547547863 -0.327343028891106 2.49657397984837 1.21434235288931 0.0573536122074556 2.37133109357116 1.29445380915949
"8" -1.05860059981555 0.971635948418841 -0.290972465440554 0.892498762181415 0.220001763600207 -0.086616118228683 -0.343849540614256 -0.264823002944885 2.46604469455745 0.799643805280453 0.469 -4.37727138173928 6.57429398306647 0.844683407879969 -2.73500589423421 4.42437270999415 -1.23725188664495 -5.49417142966846 3.01966765637856 0.259294242204279
"9" -1.05860059981555 0.359581807682563 -0.290972465440554 0.122550153541805 0.419909366432919 -1.28278559570754 -0.536724524711228 0.954435758311492 -1.19886538533414 3.38127009913076 0.491 -1.38771312622766 8.49458498424901 5.48785467937231 2.73434980329149 8.24135955545314 5.02240072647599 3.42681385442281 6.61798759852917 4.85268562983867
"10" -1.05860059981555 0.359581807682563 -0.290972465440554 -0.647398455097806 0.385442538358314 -1.18369463307615 -0.716297785767029 -1.48408176420126 -0.465883369355819 4.11899250448446 0.503 -1.55033782608118 9.70238790570876 6.71340653757653 4.15226297482766 9.2745501003254 6.8502336747629 4.55957042814255 9.14089692138325 3.90104358315279
"15" -1.05860059981555 -0.558499403421853 -0.290972465440554 0.50752445786161 0.309615516594181 0.783968767747051 -1.4478925530314 1.56406513893968 1.00008066260082 3.43115899455627 0.526 -2.60681484200378 8.86594802957965 2.82874457267601 -1.79932681803531 7.45681596338734 2.71204841545953 -0.647648977004481 6.07174580792355 0.0685150420214017
"16" -1.05860059981555 -0.558499403421853 -0.290972465440554 -0.262424150778001 0.282042054134497 0.953838989400853 -1.56095719888135 -0.874452383573074 1.00008066260082 3.61788163214053 0.501 -1.43915520155065 8.7470236775807 3.90459407907464 3.01998353366755 4.78920462448173 3.74034618103618 1.51168962494822 5.96900273712414 0.663824858914628
"19" -1.05860059981555 -1.47658061452627 1.46363536636178 1.66244737082103 -0.0901996890712425 -0.274181154638089 0.853305533091084 -0.874452383573074 -0.465883369355819 4.48708488711314 0.495 -1.17372298696556 10.7568904899429 6.01172580363187 0.76592031114296 11.2575312961208 7.3126257086824 4.3694827980346 10.2557686193302 3.90902255033693
"20" -1.05860059981555 -1.47658061452627 1.46363536636178 -1.41734706373742 -0.117773151530927 -0.352038339562748 0.587271072267675 0.344806377683303 0.267098646622499 4.38783849873713 0.499 -0.980335642101095 9.73736425740288 1.8885313422334 -1.64569008955515 5.42275277402196 2.52936309766527 0.849185157874784 4.20954103745575 2.9847983559384
"26" -1.05860059981555 0.971635948418841 1.46363536636178 1.27747306650122 -0.0764129578414003 0.635332323799975 -0.702996062725858 -0.264823002944885 -0.465883369355819 3.47989516439165 0.505 -1.81151848923178 8.8262775779446 6.7659116354422 4.27506751516327 9.25675575572113 4.76798201589635 2.76756002672087 6.76840400507183 4.8393317074703
"27" -1.05860059981555 0.359581807682563 1.46363536636178 0.122550153541805 -0.0350527641518737 -1.00674648552011 -0.869267600740489 -1.48408176420126 -1.19886538533414 5.56685844940448 0.503 -0.0631796711104581 10.729768988032 5.2666402810037 1.97040907604089 8.56287148596652 5.93187595015457 3.60102189502808 8.26273000528106 0.739268711780998
"33" -1.05860059981555 -0.558499403421853 -1.46071101997545 -1.03237275941761 0.61292360365071 0.815819434307139 1.4784865160261 0.954435758311492 0.267098646622499 3.55208465629581 0.529 -2.43469752626598 9.5005303744622 4.11948322764276 1.74310371653797 6.49586273874756 1.930258618314 -1.20845928796334 5.06897652459135 3.90120458630118
"34" -1.05860059981555 -0.558499403421853 -0.875841742708 1.27747306650122 0.578456775576105 0.918449359889644 1.16589602455859 -0.264823002944885 0.267098646622499 4.15795351900327 0.488 -1.12122156758101 9.88253078841337 4.05278709106929 2.23729036491382 5.86828381722477 2.12275970406751 -0.577090320324757 4.82260972845978 3.4255468001007
"36" -1.05860059981555 -1.47658061452627 -1.46071101997545 0.122550153541805 0.592243506805947 -0.950123078302175 0.600572795308846 0.954435758311492 0.267098646622499 3.22564288164668 0.522 -2.89234877775804 9.107264769878 1.05217753800771 -2.31231931257387 4.4166743885893 0.696198529707054 -1.99859313319946 3.39099019261357 2.16076531449216
"37" -1.05860059981555 0.971635948418841 -1.46071101997545 -0.647398455097806 0.481949656967209 0.426533509683843 0.347840057526607 -0.874452383573074 2.46604469455745 2.65358629337519 0.509 -3.01081763932614 9.00715604274096 2.7144200397065 -1.07337658298667 6.50221666239968 0.630426252007868 -3.12798039288356 4.3888328968993 0.399419705319921
"38" -1.05860059981555 0.971635948418841 -0.875841742708 0.50752445786161 0.447482828892604 0.274358102785646 0.108409042785539 1.56406513893968 2.46604469455745 2.32377538949717 0.503 -3.76138181743717 7.75655082989578 2.03839008835401 -3.29029001961806 7.36707019632609 -1.42004153683159 -6.36123642051317 3.52115334684998 0.599625840390127
"42" -1.05860059981555 0.971635948418841 -0.875841742708 -0.647398455097806 0.640497066110394 -0.00168100740178209 -0.689694339684688 -1.48408176420126 -0.465883369355819 3.84981087909802 0.5 -0.982633091346495 9.60955163092972 4.95108870723135 2.49511125861569 7.40706615584702 6.20783179101213 3.92950407575369 8.48615950627057 5.65806997084936
"44" -1.05860059981555 0.359581807682563 -0.875841742708 -1.03237275941761 0.661177162955158 -1.55882470589497 -1.01558655419336 0.344806377683303 -0.465883369355819 3.16876706421372 0.51 -2.53390525460165 8.89180297225554 6.43596193238473 2.20645862284061 10.6654652419289 5.86119216651186 2.65226762547126 9.07011670755246 5.77086613560601
"50" -1.05860059981555 -1.47658061452627 0.878766089094337 0.122550153541805 0.0890278169167062 -0.64223330155466 1.18584860912035 -1.48408176420126 0.267098646622499 5.12269655828586 0.525 -1.13713887241141 11.0231173053563 0.671417966950732 -2.39293428961029 3.73577022351175 1.18256031830684 -0.496973112255973 2.86209374886965 2.32610270316033
"51" -1.05860059981555 -0.558499403421853 0.293896811826891 1.27747306650122 0.130388010606233 1.18387158122371 0.893210702214596 -0.264823002944885 -0.465883369355819 4.07660488184306 0.497 -0.437931494765631 8.65996073987892 7.17371268369536 2.76111868433567 11.586306683055 5.6844931616332 3.8169788566652 7.5520074666012 3.75453159379679
"54" -1.05860059981555 0.359581807682563 0.878766089094337 -0.647398455097806 -0.0212660329220315 -1.09168159634701 0.12171076582671 0.344806377683303 2.46604469455745 2.72650002225944 0.509 -2.45682190395938 8.11529811021988 2.77119927224066 -1.30376966202939 6.84616820651071 1.46597458152513 -0.738138468913124 3.67008763196339 0.366213772845682
"55" -1.05860059981555 0.971635948418841 0.293896811826891 0.122550153541805 0.0200941607674952 0.507929657559623 -0.0977676643526027 1.56406513893968 1.73306267857914 2.21435668941559 0.491 -3.56427593730356 7.8544999517318 3.72311502460355 -2.69780448128657 10.1440345304937 -1.54396431470126 -5.23018557040285 2.14225694100033 1.37671205128289
"56" -1.05860059981555 0.971635948418841 0.293896811826891 -0.647398455097806 -0.00747930169218926 0.734423286431359 -0.303944371490745 -1.48408176420126 2.46604469455745 2.75431569536697 0.49 -3.1856186447905 9.15057763976347 2.73872657419434 -1.19498975648374 6.67244290487242 1.54878147345792 -1.12060018007635 4.21816312699219 0.405543011537669
"57" -1.05860059981555 0.359581807682563 0.293896811826891 -1.41734706373742 0.178641569910681 -1.42080515080125 -0.503470217108301 0.344806377683303 -1.19886538533414 4.2632217074132 0.517 -1.79462935466317 10.4518265805614 2.57665219966067 -2.83603133081999 7.98933573014132 5.91255311022388 1.0532771879143 10.7718290325335 2.32393572481592
"60" -1.05860059981555 0.971635948418841 0.878766089094337 1.27747306650122 0.157961473065917 0.0407865480116684 -1.00893569267278 1.56406513893968 -1.19886538533414 2.47090288049836 0.528 -2.41434733449798 7.32485868646092 2.14817617817945 1.05302066501626 3.24333169134264 1.19153516336513 -0.302297392699046 2.6853677194293 2.88799504310422
"65" -1.05860059981555 0.359581807682563 -0.875841742708 -1.03237275941761 -1.15867135938401 -1.11291537405374 1.51839168514961 0.954435758311492 -0.465883369355819 4.54887511623789 0.522 -1.31839382331354 10.5997756507332 5.13340329988734 1.49960086498245 8.76720573479224 3.44869205251383 0.263220684889899 6.63416342013776 12.0530695766588
"66" -1.05860059981555 0.359581807682563 -0.875841742708 1.27747306650122 -1.17935145622878 -1.04921404093356 1.2058011936821 -0.874452383573074 0.267098646622499 4.5011501597183 0.49 -1.52203377669316 10.5819334599952 4.70387647098537 1.04641069499259 8.36134224697816 3.68112673128165 0.329301080962217 7.03295238160108 4.1414297503581
"68" -1.05860059981555 0.971635948418841 -0.875841742708 0.122550153541805 -1.16556472499893 0.539780324119711 0.633827102911772 0.954435758311492 0.267098646622499 4.71713996398165 0.504 -0.728786015774064 10.275865240723 3.19891716459978 -1.55939729669454 7.95723162589409 1.21566789130072 -1.75853926428581 4.18987504688725 9.69224601104116
"73" -1.05860059981555 -1.47658061452627 -0.875841742708 0.122550153541805 -1.12420453130941 -0.405122783829561 -0.490168494067131 1.56406513893968 -1.19886538533414 4.96024140024321 0.506 -1.00903595309923 11.0188665482852 9.7109521573533 7.11968511703108 12.3022191976755 7.13489197713121 4.44770766034995 9.82207629391247 8.07500149351764
"75" -1.05860059981555 -0.558499403421853 -0.875841742708 1.27747306650122 -1.11041780007957 1.77133943110977 -0.842664154658148 -0.264823002944885 -1.19886538533414 5.30921176020401 0.485 -0.981266969034321 11.0469826162248 3.05640155693314 -1.11522100169124 7.22802411555751 2.05897077395666 -1.7512752057085 5.86921675362181 4.62465721378978
"76" -1.05860059981555 -0.558499403421853 -0.875841742708 -1.03237275941761 -1.13109789692433 1.73241083864744 -1.00228483115219 0.344806377683303 -1.19886538533414 5.87803160880334 0.494 0.042569342996536 11.2003425439853 5.75734954320362 0.662702520278414 10.8519965661288 8.25838282144232 4.18806822839849 12.3286974144862 9.62082846005591
"78" -1.05860059981555 0.359581807682563 -0.875841742708 -1.41734706373742 -1.21381828430338 -1.39957137309453 -1.28827187653736 0.344806377683303 1.73306267857914 2.49973125740945 0.518 -3.07184666417643 8.54617773861403 0.885639615601588 -1.19062055992451 2.96189979112768 2.47095020988311 -0.266938022742564 5.20883844250879 0.229706008386563
"80" -1.05860059981555 0.971635948418841 -0.875841742708 -0.262424150778001 -1.20003155307354 0.214195732616591 -1.53435375279901 -1.48408176420126 1.00008066260082 3.70808488930922 0.497 -2.1686714740938 10.1114892932668 2.66957598841519 -1.18756677316941 6.52671874999979 2.72383052413384 0.211471991791302 5.23618905647638 1.51100163445096
"82" -1.05860059981555 0.971635948418841 0.878766089094337 0.122550153541805 -1.44129934959578 0.458384176243931 1.21910291672327 -1.48408176420126 0.267098646622499 4.38434173126528 0.489 -0.908091787626741 10.3953147366305 2.87070986893693 -1.80052059069751 7.54194032857137 1.76030320152275 -1.11733910538659 4.6379455084321 5.92890075490969
"83" -1.05860059981555 0.359581807682563 0.878766089094337 1.27747306650122 -1.41372588713609 -1.2261621884896 0.926465009817522 -0.264823002944885 -0.465883369355819 5.58185853097448 0.503 -0.190436458140079 10.8579426240548 7.55692892443297 4.93671725895539 10.1771405899106 7.93211292410564 5.4820225311813 10.38220331703 5.02447995330096
"84" -1.05860059981555 0.359581807682563 0.878766089094337 -1.41734706373742 -1.43440598398086 -1.24385700324521 0.647128825952942 0.344806377683303 0.267098646622499 5.27824848800929 0.504 -0.719047891033321 11.3389648903282 3.33001114748998 -0.308060784385903 6.96808307936585 1.24158007144341 -1.99635018318548 4.47951032607231 5.84867694113669
"89" -0.062270623518562 -0.558499403421853 0.878766089094337 -1.41734706373742 -1.39304579029133 1.4032872841932 -0.47686677102596 0.954435758311492 -1.19886538533414 5.55734674283483 0.495 0.0139574400379154 11.8768632004225 2.63130712961266 -1.60762013391113 6.87023439313645 8.6531823954978 3.72243314595057 13.583931645045 9.24077835507144
"90" -0.062270623518562 -0.558499403421853 0.878766089094337 1.66244737082103 -1.40683252152117 1.51653409862907 -0.663090893602347 -0.874452383573074 -0.465883369355819 5.02441733218542 0.495 -1.01419666125526 10.8131539541556 5.45929232006147 1.8387494731826 9.07983516694034 4.1317811473664 0.035457681407113 8.22810461332568 2.32415112572964
"92" -0.062270623518562 -1.47658061452627 0.878766089094337 1.27747306650122 -1.39993915590625 -0.592687820238967 -0.988983108111023 1.56406513893968 -1.19886538533414 4.96484161810264 0.497 -0.563354975435229 10.3604254088803 5.8906423555826 1.97941707542783 9.80186763573736 3.70814443526311 0.208618409517098 7.20767046100913 5.80469579034407
"93" -0.062270623518562 1.27766301878698 0.878766089094337 -0.647398455097806 -1.45508608082562 -0.0299927110107491 -1.1353020615639 -1.48408176420126 1.00008066260082 3.52370016842614 0.494 -2.09352104926675 9.22621896649607 2.82101385454415 -1.29385095336944 6.93587866245774 3.33219579846128 0.365637481285393 6.29875411563716 6.25522665684593
"95" -0.062270623518562 0.359581807682563 0.878766089094337 -1.03237275941761 -1.4481927152107 -1.57651952065057 -1.40798738390789 0.954435758311492 1.00008066260082 4.79510649635473 0.533 -1.2414659773049 10.7201838719255 3.11673815901165 -0.388583923841834 6.62206024186514 3.68009016606759 0.521241361506036 6.83893897062915 2.82906858051329
"97" -0.062270623518562 1.27766301878698 -1.46071101997545 -1.03237275941761 -1.01391068147067 0.0974099552296023 1.55829685427312 0.344806377683303 -0.465883369355819 4.63560601483046 0.484 -1.29078065295926 10.3828323572275 4.14197895443842 -0.0578864170868405 8.34184432596368 7.93859306931285 4.23403207147572 11.64315406715 9.45139276464606
"98" -0.062270623518562 1.27766301878698 -1.46071101997545 0.892498762181415 -1.02769741270051 0.125721658838569 1.23905550128503 -0.264823002944885 0.267098646622499 4.62618862393594 0.529 -0.801577284020305 10.3604325153329 3.49406134514274 -1.36911798557338 8.35724067585887 1.38878126708371 -1.79234616514358 4.569908699311 5.66492882004402
"99" -0.062270623518562 0.359581807682563 -1.46071101997545 -0.647398455097806 -1.00012395024083 -1.32525315112099 0.946417594379277 -1.48408176420126 -0.465883369355819 4.95464532942709 0.529 -0.951474078612674 11.0094105958142 6.68168672282097 4.5852941431933 8.77807930244864 9.27042946101873 6.91007695428464 11.6307819677528 8.35324239212283
"100" -0.062270623518562 0.359581807682563 -1.46071101997545 -0.262424150778001 -1.02080404708559 -1.45619478031246 0.667081410514698 1.56406513893968 0.267098646622499 3.85110277683006 0.511 -2.6003506608121 9.4679900509893 6.75647478915652 3.32814257333384 10.1848070049792 4.26013732380786 1.22963347055359 7.29064117706213 4.07291342479446
"105" -0.062270623518562 -0.558499403421853 -1.46071101997545 0.122550153541805 -0.972550487781144 1.07416372973896 -0.46356504798479 0.954435758311492 -1.19886538533414 6.70879310982037 0.526 1.08461534561816 12.2749864130372 9.14074066355611 6.21172551701124 12.069755810101 9.85987635702202 7.60376034642823 12.1159923676158 6.24400943795181
"107" -0.062270623518562 -1.47658061452627 -1.46071101997545 0.892498762181415 -0.965657122166223 -0.688239819919231 -0.822711570096392 -0.264823002944885 -1.19886538533414 6.19975193015866 0.509 0.519404914061205 12.0362850031807 6.47239321968118 3.55389358251373 9.39089285684863 4.60736257760346 1.55215300170306 7.66257215350386 6.15602852885314
"108" -0.062270623518562 -1.47658061452627 -1.46071101997545 -1.03237275941761 -0.979443853396065 -0.759019078941648 -0.982332246590437 0.954435758311492 -1.19886538533414 4.51839816731889 0.495 -0.89162022542915 9.90660501625524 7.47641830890105 3.92162789539893 11.0312087224032 9.16038673019417 5.87767760979684 12.4430958505915 6.61243080203906
"109" -0.062270623518562 1.27766301878698 -1.46071101997545 0.50752445786161 -1.04837750954528 0.667182990360062 -1.12865120004331 -0.874452383573074 1.00008066260082 3.393260984337 0.514 -2.00358093288376 9.2311566641913 1.15455318442691 -1.9351615093713 4.24426787822512 0.0832173569972348 -2.93111266674326 3.09754738073773 0.449245667017916
"113" -0.062270623518562 0.359581807682563 0.293896811826891 0.892498762181415 -1.29653867168244 -1.59421433540617 1.57824943883487 0.954435758311492 -0.465883369355819 4.77007096555629 0.536 -0.519809188080825 9.88147633962286 8.44114151024037 5.45681815038431 11.4254648700964 7.41282700046288 5.00056904849073 9.82508495243502 6.56571906628
"114" -0.062270623518562 0.359581807682563 0.293896811826891 -0.262424150778001 -1.31032540291228 -1.50220129867703 1.25900808584678 -0.874452383573074 0.267098646622499 6.13669614959398 0.531 0.326107745889354 11.9542760892524 6.42631710055301 3.31483712022549 9.53779708088053 4.71133858078805 1.68309953443848 7.73957762713761 7.3047171101316
"116" -0.062270623518562 1.27766301878698 0.293896811826891 -1.41734706373742 -1.30343203729736 -0.139700562495496 0.687033995076454 0.344806377683303 0.267098646622499 5.10025322134437 0.538 -0.528401922171579 11.023986869339 5.27343795875464 -0.182577932249753 10.729453849759 4.78138824238144 1.29485264908366 8.26792383567922 3.73265731912186
"121" -0.062270623518562 -1.47658061452627 0.293896811826891 -1.03237275941761 -1.26207184360783 -0.907655522888725 -0.45026332494362 0.344806377683303 -1.19886538533414 8.97078501410469 0.499 4.02995082658117 14.0027814799477 7.95766868339223 4.38544010497521 11.5298972618093 11.1329422428547 7.63198299309627 14.6339014926132 14.6996252364395
"122" -0.062270623518562 -1.47658061452627 0.293896811826891 1.27747306650122 -1.27585857483767 -0.882882782230879 -0.636487447520006 -0.264823002944885 -0.465883369355819 7.32112376549604 0.505 1.97623907039915 12.6208838704125 5.76372820006383 0.121680148875259 11.4057762512524 4.62372557423927 1.23796138195408 8.00948976652446 2.57553526624734
"123" -0.062270623518562 -0.558499403421853 0.293896811826891 0.122550153541805 -1.25517847799291 0.989228618912062 -0.809409847055222 -1.48408176420126 -1.19886538533414 8.54735650885609 0.489 2.87394558739717 13.5763826218302 9.09052992844915 6.18254783200518 11.9985120248931 10.7372143750502 9.17115856856846 12.303270181532 8.49517159835302
"124" -0.062270623518562 -0.558499403421853 0.293896811826891 0.50752445786161 -1.26896520922275 0.748579138235842 -0.969030523549267 1.56406513893968 -1.19886538533414 5.62825966101587 0.493 -0.0368671888806174 11.448451615914 6.12695444717956 3.54790168784081 8.70600720651832 7.91487333089904 5.7054364724499 10.1243101893482 6.85388260476834
"125" -0.062270623518562 0.359581807682563 0.293896811826891 -0.647398455097806 -1.33100549975704 -1.16246085536943 -1.12200033852273 -1.48408176420126 1.00008066260082 4.68934325467077 0.482 -1.13373788590546 10.4020019397627 2.95914912517054 -0.329797531128872 6.24809578146996 3.11247089295717 0.393122744944625 5.83181904096971 1.41654376390764
"127" -0.062270623518562 1.27766301878698 0.293896811826891 -1.03237275941761 -1.3172187685272 0.334520472954701 -1.38803479934614 0.344806377683303 1.00008066260082 2.57011396479296 0.484 -2.70517204020935 8.08849937427263 3.07668764713337 -2.01379406985614 8.16716936412288 3.42455745485626 0.619591199760025 6.22952370995249 3.74405835872465
"128" -0.062270623518562 1.27766301878698 0.293896811826891 1.27747306650122 -1.33789886537196 0.366371139514788 -1.51440116823726 -0.264823002944885 1.00008066260082 2.80843042140352 0.488 -2.75417541097748 9.24968117345 2.52139672758179 -3.18385958767737 8.22665304284095 0.843653031061124 -4.20920945767868 5.89651551980093 0.0949172668948546
"129" -0.062270623518562 -1.47658061452627 -0.290972465440554 -1.41734706373742 1.48838103674569 -0.72362944943044 1.59820202339663 0.344806377683303 0.267098646622499 4.56544667348593 0.501 -1.60043620573178 9.95180269412298 2.8564617737777 -1.45468224781183 7.16760579536724 6.42276684381707 2.22569802631304 10.6198356613211 2.52791553799345
"130" -0.062270623518562 -1.47658061452627 -0.290972465440554 0.892498762181415 1.44702084305616 -0.698856708772594 1.27896067040854 -0.264823002944885 0.267098646622499 4.55374471599535 0.516 -0.577041334426134 10.1866507497099 2.40395832148556 -0.0927391752864781 4.9006558182576 2.08269679896926 -0.725494091725432 4.89088768966396 2.23058428738241
"131" -0.062270623518562 -0.558499403421853 -0.290972465440554 -0.262424150778001 1.50906113359045 1.27234565500173 0.979671901982204 -1.48408176420126 -0.465883369355819 6.63386175504159 0.501 1.25639589399366 11.9401782032328 7.11261952273457 4.61301094831687 9.61222809715226 7.13251263924088 5.66320627671135 8.60181900177041 6.67828714805618
"132" -0.062270623518562 -0.558499403421853 -0.290972465440554 0.50752445786161 1.46770093990093 1.02107928547215 0.700335718117624 1.56406513893968 0.267098646622499 3.88463728511092 0.492 -1.98107017856745 9.80630717575355 3.28651418192241 1.54653373903354 5.02649462481128 2.96328438762522 0.022146480249158 5.90442229500129 3.6531746171916
"135" -0.062270623518562 1.27766301878698 -0.290972465440554 -1.03237275941761 1.35051372444727 0.585786842484282 -0.0312590491467505 0.344806377683303 1.73306267857914 2.51898851143453 0.467 -3.2797546079993 8.738273558442 1.91311918757682 -2.12941966688437 5.95565804203801 2.12943406607526 -1.74341777591473 6.00228590806525 0.801785880191137
"137" -0.062270623518562 0.359581807682563 -0.290972465440554 0.50752445786161 1.57110142412474 -1.44911685441022 -0.443612463423034 0.954435758311492 -1.19886538533414 4.33246706601743 0.495 -0.998410438009634 9.73692042475722 3.07828428519036 -0.120856179580241 6.27742474996096 3.68530508406661 0.546355920440676 6.82425424769254 2.54447843242299
"138" -0.062270623518562 0.359581807682563 -0.290972465440554 -0.262424150778001 1.52974123043522 -1.35356485472995 -0.629836585999421 -0.874452383573074 -0.465883369355819 3.8169780005743 0.511 -1.62308287925089 8.86461291634458 6.83932401618225 4.66776269097923 9.01088534138526 5.73140890789008 4.27004634236915 7.19277147341102 5.71170659614216
"139" -0.062270623518562 1.27766301878698 -0.290972465440554 0.892498762181415 1.59178152096951 0.171728177203141 -0.802758985534636 -0.874452383573074 -1.19886538533414 3.33167362737581 0.498 -1.49602567680312 8.01710212994671 1.32046002186036 -2.40993119256852 5.05085123628923 2.74793675886992 -0.618260358467055 6.1141338762069 0.882512751503273
"140" -0.062270623518562 1.27766301878698 -0.290972465440554 -1.41734706373742 1.55042132727998 0.0832541034251188 -0.962379662028682 0.344806377683303 -0.465883369355819 4.03159103062741 0.501 -1.53435347870872 10.4360266424166 4.4927994511535 -1.44603414593689 10.4316330482439 2.01077599399704 -2.21698973083267 6.23854171882675 6.47037755698952
"143" -0.062270623518562 -0.558499403421853 -0.290972465440554 0.122550153541805 1.4263407462114 1.67224846847839 -1.38138393782555 0.954435758311492 1.00008066260082 3.82910728696299 0.529 -1.45069100907582 9.55829539009726 3.46235921497581 -0.471662325011439 7.39638075496306 3.4691238753754 -0.914198321227802 7.8524460719786 0.0867400457194178
"147" -0.062270623518562 -1.47658061452627 1.46363536636178 2.04742167514083 0.902444959477396 -0.872265893377516 0.999624486543959 -0.874452383573074 -0.465883369355819 4.5812247558421 0.485 -1.65724658775611 10.6361942324415 6.0834972876795 1.94335530273565 10.2236392726233 6.89168972874304 2.90074191796678 10.8826375395193 4.03545694288107
"148" -0.062270623518562 -1.47658061452627 1.46363536636178 -1.03237275941761 0.867978131402791 -0.939506189448813 0.72028830267938 0.954435758311492 0.267098646622499 5.1066688716832 0.476 -0.544104588416216 10.6733619142201 4.40722884387919 0.493111577410308 8.32134611034807 6.8716126947515 4.80195810426947 8.94126728523354 5.34260309454109
"150" -0.062270623518562 1.27766301878698 1.46363536636178 -1.41734706373742 0.709430722259605 0.320364621150217 0.208171965594318 0.344806377683303 2.46604469455745 3.19292135102957 0.512 -1.99841477227668 8.63512100121658 2.84370709227631 -1.37521639451449 7.06263057906712 3.28875296857304 -1.30176033691405 7.87926627406013 0.98130303399399
"153" -0.062270623518562 1.27766301878698 1.46363536636178 -1.03237275941761 0.950698518781844 -0.125544710691013 -0.430310740381864 0.344806377683303 -1.19886538533414 4.58061627164869 0.502 -1.00976440254993 10.6378197236087 3.0265830202804 -1.10122690838945 7.15439294895026 6.46164375819238 2.92738504869349 9.99590246769127 6.70091605246083
"154" -0.062270623518562 1.27766301878698 1.46363536636178 1.66244737082103 0.916231690707239 -0.100771970033166 -0.61653486295825 -0.264823002944885 -0.465883369355819 4.47241565930697 0.504 -1.17224235961879 9.73779126234749 3.5283864962037 0.447142436776564 6.60963055563083 6.50771576445391 3.35536189513077 9.66006963377706 6.3643993502872
"155" -0.062270623518562 0.359581807682563 1.46363536636178 -0.262424150778001 0.971378615626607 -1.47742855801919 -0.789457262493466 -1.48408176420126 -1.19886538533414 5.50770577848414 0.512 -0.21899986103852 11.3926805663438 7.48597209165804 4.05587954830486 10.9160646350112 7.08912637703597 4.22516505435588 9.95308769971605 1.86689384310461
"157" -0.062270623518562 -0.558499403421853 1.46363536636178 0.122550153541805 0.812831206483422 1.57669646879813 -1.10204775396097 -1.48408176420126 1.00008066260082 4.08608416657283 0.495 -0.923040309711883 9.2650913410657 3.07808340921989 -0.500690052682203 6.65685687112199 3.8817565080341 0.668117885422726 7.09539513064548 2.28561684853823
"159" -0.062270623518562 -1.47658061452627 1.46363536636178 -1.03237275941761 0.833511303328185 -0.532525450069913 -1.37473307630497 0.344806377683303 1.00008066260082 4.31239668346568 0.478 -0.461494980697907 9.29482579665982 3.09700929131715 0.366638032383091 5.82738055025121 3.83424042089227 1.20026406537676 6.46821677640777 4.86261724558085
"161" -0.062270623518562 -0.558499403421853 -0.875841742708 -1.41734706373742 1.82615595187682 1.71117706094072 1.64475805404073 0.954435758311492 0.267098646622499 4.19259926008411 0.503 -2.06132709769162 10.4299749406867 3.48292164519515 0.320665813309633 6.64517747708067 6.17988160055843 1.2626690263142 11.0970941748027 3.66106351153077
"162" -0.062270623518562 -0.558499403421853 -0.875841742708 0.892498762181415 1.77790239257238 1.83150180127883 1.31886583953205 -0.874452383573074 0.267098646622499 4.88669339085525 0.522 -0.854488795565593 10.8550628888147 3.69441342694653 0.914645554252983 6.47418129964007 1.98564343772277 -1.5173687229262 5.48865559837174 1.67419421480265
"164" -0.062270623518562 -1.47658061452627 -0.875841742708 0.50752445786161 1.79858248941714 -0.390966932025078 0.73359002572055 1.56406513893968 0.267098646622499 3.90539154868966 0.491 -1.5829265680603 9.44679664057735 2.46669152654118 0.189111440915561 4.7442716121668 2.6136773469291 -0.768833182130181 5.99618787598838 2.8345425110599
"165" -0.062270623518562 1.27766301878698 -0.875841742708 -0.647398455097806 1.6538218115038 0.200039880812108 0.474206426417727 -1.48408176420126 2.46604469455745 3.33619016701008 0.502 -2.89430295313156 9.6636227771332 2.87389811287729 -1.77341907287363 7.52121529862822 1.85589958538811 -4.24465203251915 7.95645120329538 0.254798393060826
"166" -0.062270623518562 1.27766301878698 -0.875841742708 0.122550153541805 1.61246161781427 0.0549423998161518 0.228124550156073 0.954435758311492 2.46604469455745 2.38732470417062 0.526 -2.98164554361055 8.31675834384692 2.77497201996822 -3.24205255743508 8.79199659737151 0.367240269931837 -5.04822215710396 5.78270269696763 0.507224689465081
"169" -0.062270623518562 1.27766301878698 -0.875841742708 0.50752445786161 1.90887633925588 0.490234842804019 -0.417009017340693 1.56406513893968 -1.19886538533414 5.21965043910212 0.491 -0.422774713288952 11.2795172149725 2.56907170892622 -1.89945407712101 7.03759749497344 2.97557885494924 -0.602684578064313 6.5538422879628 1.9198447869514
"171" -0.062270623518562 0.359581807682563 -0.875841742708 0.892498762181415 1.92955643610064 -1.05983092978692 -0.776155539452296 -0.264823002944885 -1.19886538533414 2.95243876430546 0.507 -2.32095215348893 8.45410286986041 1.40364010649357 -1.09481854618214 3.90209875916928 2.20749476380956 -1.68683219615789 6.101821723777 1.32730116786343
"172" 1.43222434092693 0.359581807682563 -0.875841742708 -1.41734706373742 1.88819624241111 -1.08106470749365 -0.942427077466926 0.344806377683303 -0.465883369355819 2.95307322530327 0.496 -2.90319137253492 8.88895281235304 5.67193307700416 -0.275355297323689 11.619221451332 -1.80179598347478 -5.52862928855399 1.92503732160443 3.9106337016924
"178" 1.43222434092693 -1.47658061452627 0.878766089094337 -0.262424150778001 1.13681939038471 -0.429895524487407 1.33881842409381 -1.48408176420126 0.267098646622499 6.74840383821041 0.523 0.614121912204229 13.1976043319307 6.30320572806141 1.92530321652044 10.6811082396024 8.38617826117767 5.91573221230104 10.8566243100543 2.98141869123247
"180" 1.43222434092693 -0.558499403421853 0.878766089094337 -0.647398455097806 1.15749948722948 1.42098209894881 0.753542610282306 0.344806377683303 0.267098646622499 5.29771268128464 0.507 -0.166822353639258 10.9650584931855 9.62499809804023 6.77204382705204 12.4779523690284 8.66633589054649 5.91689689130185 11.4157748897911 7.68555028056777
"186" 1.43222434092693 0.359581807682563 0.878766089094337 2.04742167514083 1.21264641214885 -1.21554529963624 -0.589931416875909 -0.874452383573074 -0.465883369355819 4.6374915721595 0.517 -1.04752011721671 10.9094831495005 2.66780216301255 -0.36247576599029 5.6980800920154 5.74255734927502 0.757846778943358 10.7272679196067 5.99915075190007
"187" 1.43222434092693 1.27766301878698 0.878766089094337 -0.647398455097806 1.26779333706821 0.444228324439448 -0.76950467793171 -1.48408176420126 -1.19886538533414 4.73033617038261 0.478 -1.25697186861437 10.4342131162158 3.92907726002957 -0.378938890549463 8.23709341060861 3.90910592073142 1.60998080061548 6.20823104084736 1.58364821205418
"193" 1.43222434092693 0.359581807682563 -0.290972465440554 -1.41734706373742 -0.503801625966509 -1.56590263179721 1.68466322316424 0.344806377683303 0.267098646622499 5.71410142621801 0.498 0.0454399714571436 11.4364973187646 6.46192614886044 1.51891163814418 11.4049406595767 10.3228726393038 5.1260993318163 15.5196459467913 3.8310545812987
"194" 1.43222434092693 0.359581807682563 -0.290972465440554 0.892498762181415 -0.531375088426193 -1.51281818753039 1.35877100865556 -0.874452383573074 0.267098646622499 3.7999403715167 0.515 -1.32726424120409 9.3758846499892 3.64753001318448 0.265620316706217 7.02943970966275 1.5838824678898 -0.829568104280423 3.99733304006003 2.86502237212799
"195" 1.43222434092693 1.27766301878698 -0.875841742708 -0.262424150778001 -0.490014894736666 -0.0441485628152325 1.05283137870864 -0.874452383573074 -0.465883369355819 5.27433259685144 0.503 -0.863687693682171 11.4315833272667 4.93560655631364 0.682848519756157 9.18836459287112 12.5385758876549 10.0742564774287 15.002895297881 10.214170021119
"196" 1.43222434092693 1.27766301878698 -0.290972465440554 0.50752445786161 -0.517588357196351 -0.182168117908946 0.766844333323476 1.56406513893968 0.267098646622499 4.3766063401559 0.525 -1.05652396702751 9.94489878495973 3.30025953425757 -0.161694676964782 6.76221374547993 3.90373303123022 0.966325804932595 6.84114025752784 8.83316179481902
"202" 1.43222434092693 -1.47658061452627 -0.290972465440554 -0.262424150778001 -0.483121529121745 -0.826259375012945 -0.583280555355324 -1.48408176420126 -0.465883369355819 10.6816848301346 0.505 5.24920627384345 15.6185427021707 8.18264776727124 4.42022325520311 11.9450722793394 11.1632833531005 8.78985912741648 13.5367075787845 8.67843121371531
"203" 1.43222434092693 -0.558499403421853 -0.875841742708 0.892498762181415 -0.44865470104714 0.90075454513404 -0.75620295489054 -0.264823002944885 -1.19886538533414 8.19195741443093 0.517 2.12759213908708 14.1033409523157 5.40608915857325 2.21268938055585 8.59948893659064 5.89096209375114 3.63503218570126 8.14689200180102 4.71253444448021
"204" 1.43222434092693 -0.558499403421853 -0.290972465440554 -1.41734706373742 -0.469334797891903 0.868903878573952 -0.92247449290517 0.344806377683303 -1.19886538533414 7.15180559489511 0.514 1.60676356587153 12.3154687057733 1.95234581182804 -0.561806612365242 4.46649823602132 4.4866902789146 2.79478795951611 6.1785925983131 3.14569627590837
"208" 1.43222434092693 1.27766301878698 -0.290972465440554 -0.647398455097806 -0.565841916500799 0.476078990999535 -1.47449599911374 -1.48408176420126 1.00008066260082 2.99257862311667 0.503 -2.01154818009384 8.01722421704561 2.45031024795958 -0.854917413972572 5.75553790989173 1.68470487500814 -0.663700791792403 4.03311054180868 0.992531248556363
"209" 1.43222434092693 1.27766301878698 1.46363536636178 0.50752445786161 -0.855363272327485 0.0266306962071849 1.70461580772599 1.56406513893968 -0.465883369355819 5.36461405955203 0.493 -0.74384146681552 11.1538193296709 6.74063076453569 2.84039169673391 10.6408698323375 8.33748357681157 4.7397079445463 11.9352592090768 10.6779945637374
"210" 1.43222434092693 1.27766301878698 1.46363536636178 -0.262424150778001 -0.876043369172248 0.231890547372195 1.37872359321732 -1.48408176420126 0.267098646622499 5.49558724554166 0.496 -0.731342473411154 11.4760856896148 7.80812358524721 3.62323964249617 11.9930075279983 9.52290389967767 7.4711912892388 11.5746165101165 5.87661170363631
"217" 1.43222434092693 -0.558499403421853 1.46363536636178 -1.03237275941761 -0.814003078637958 1.09185854449457 -0.383754709737767 0.954435758311492 -1.19886538533414 6.84304418140564 0.513 0.967315201730947 12.620485030335 5.95296165620835 3.84404798317603 8.06187532924066 11.7149236261333 9.42074095643553 14.009106295831 14.5085439980126
"218" 1.43222434092693 -0.558499403421853 1.46363536636178 2.04742167514083 -0.834683175482722 1.20156639597931 -0.569978832314154 -0.264823002944885 -0.465883369355819 4.85134807451564 0.519 -0.549251362166176 10.9748196578852 4.33558621247863 1.33002923607528 7.34114318888197 2.92167812585233 -1.9009498453391 7.74430609704375 3.08080560231111
"223" 1.43222434092693 0.359581807682563 0.878766089094337 -1.41734706373742 -0.882936734787169 -1.10229848520037 -1.34147876870204 0.344806377683303 1.00008066260082 5.35974346351147 0.508 -0.256941753478829 11.1516645672457 1.65079348623233 -2.14158538753481 5.44317235999947 2.07915427984558 -1.91098460057864 6.0692931602698 0.965720235942101
"225" 1.43222434092693 1.27766301878698 -1.46071101997545 -1.41734706373742 -0.310787388748718 0.352215287710305 1.72456839228775 0.344806377683303 0.267098646622499 4.38407552234932 0.476 -1.83368097341434 10.6647414099238 6.42320696390079 0.801791247486835 12.0446226803147 9.88049241697374 4.25604688251032 15.5049379514372 5.46144640283467
"226" 1.43222434092693 1.27766301878698 -1.46071101997545 0.50752445786161 -0.338360851208402 0.380526991319272 1.39867617777907 -0.264823002944885 0.267098646622499 4.41826972740593 0.496 -1.87694737112029 10.3646753093072 3.17111916192179 -0.121725166415191 6.46396349025877 3.18150802548457 0.667870951037023 5.69514509993212 8.42510683802972
"227" 1.43222434092693 0.359581807682563 -1.46071101997545 -0.262424150778001 -0.297000657518876 -1.17307774422279 1.09273654783215 -1.48408176420126 -0.465883369355819 5.09598024762036 0.512 -0.785679951411224 11.1956485974391 6.67514883357873 2.39438404440493 10.9559136227525 11.9708225902949 9.3208250496953 14.6208201308946 7.25374380269418
"228" 1.43222434092693 0.359581807682563 -1.46071101997545 0.122550153541805 -0.32457411997856 -1.31463626226763 0.800098640926402 1.56406513893968 0.267098646622499 3.93406895908669 0.509 -1.70419066090915 9.95938651701766 5.8033393338217 2.92401253542378 8.68266613221961 5.66654103962756 2.67920475206439 8.65387732719073 7.62054034796495
"233" 1.43222434092693 -0.558499403421853 -1.46071101997545 0.50752445786161 -0.26253382944427 1.34666387697527 -0.370452986696597 1.56406513893968 -1.19886538533414 5.911366888234 0.512 -0.366597041256273 11.5444073887597 6.69196309598907 3.5601404612257 9.82378573075243 7.90461218824243 5.91501358739312 9.89421078909173 6.55123917385077
"234" 1.43222434092693 -0.558499403421853 -1.46071101997545 -0.647398455097806 -0.283213926289033 1.5377678763358 -0.556677109272983 -0.874452383573074 -0.465883369355819 10.1218185873876 0.514 5.00771517539451 14.9768097797216 9.34096125755023 6.36302365952764 12.3188988555728 9.40243070398509 6.80057517178667 12.0042862361835 13.1853338205206
"235" 1.43222434092693 -1.47658061452627 -1.46071101997545 0.892498762181415 -0.248747098214428 -0.482979968754221 -0.736250370328784 -0.874452383573074 -1.19886538533414 7.06549129733801 0.492 0.658611571934597 13.3887340963084 7.22074802083432 5.55718975608118 8.88430628558745 5.33044213727329 2.7769089556431 7.88397531890347 4.4026049169133
"242" 1.43222434092693 0.359581807682563 0.293896811826891 -0.647398455097806 -0.710602594414142 -1.01736337437347 1.41862876234083 -1.48408176420126 0.267098646622499 6.63779926476316 0.502 0.846577374076092 12.684601553428 10.7334905243538 8.86000962714415 12.6069714215635 10.6547488652946 8.19112165735765 13.1183760732315 12.6580360756314
"243" 1.43222434092693 1.27766301878698 0.293896811826891 1.66244737082103 -0.676135766339536 0.649488175604458 1.10603827087332 -0.264823002944885 -0.465883369355819 4.34495644336114 0.531 -1.02843571261579 9.79998537672022 1.66647751189344 -1.10718645322196 4.44014147700884 2.03019748310037 -0.0816929299931823 4.14208789619392 6.48085903532658
"244" 1.43222434092693 1.27766301878698 0.293896811826891 -1.03237275941761 -0.6968158631843 0.553936175924195 0.820051225488158 0.954435758311492 0.267098646622499 5.17534335958799 0.512 -0.671381034837677 11.1478386623575 9.02763647336677 4.75138642753722 13.3038865191963 10.5031379732246 8.09897295831546 12.9073029881338 11.0382777391334
"250" 1.43222434092693 -1.47658061452627 0.293896811826891 1.66244737082103 -0.662349035109694 -0.313109747100419 -0.550026247752398 -0.264823002944885 -0.465883369355819 7.30977487094862 0.487 1.57008465438907 12.9455414795709 5.67157733290883 0.869692762781336 10.4734619030363 3.03695505553497 -1.01488339098612 7.08879350205607 3.95230846220978
"251" 1.43222434092693 -0.558499403421853 0.293896811826891 -0.262424150778001 -0.627882207035089 1.91289794915461 -0.722948647287614 -1.48408176420126 -1.19886538533414 8.44320797338525 0.523 1.90535434134651 14.6385672056011 11.4507835238931 8.35260872544509 14.5489583223411 12.6319035267707 11.0002188440342 14.2635882095072 9.78599695980453
"252" 1.43222434092693 -0.558499403421853 0.293896811826891 0.122550153541805 -0.655455669494773 1.63331987601606 -0.889220185302244 1.56406513893968 -1.19886538533414 5.98068789365127 0.476 -1.13520793100004 11.5535049430042 9.1004290300326 5.61281335804327 12.5880447020219 11.2230722370875 9.3663475785797 13.0797968955953 9.88418765908801
"255" 1.43222434092693 1.27766301878698 0.293896811826891 -1.41734706373742 -0.717495960029063 0.111565807034086 -1.32817704566087 0.344806377683303 1.00008066260082 3.0890126146323 0.502 -2.69481020999393 8.36375643247356 2.47307084747739 -3.09452200456034 8.04066369951512 1.78408814023473 -1.89702273365165 5.46519901412111 0.622617192001749
"111" -1.05860059981555 0.971635948418841 -0.583407104074277 -1.28902229563081 0.0407742576122585 0.564553064777557 -1.10204775396097 -0.776911682672563 0.267098646622499 3.52904922880361 0.511 -1.59398141064744 9.74909858940212 4.41820159928267 -0.914761849682351 9.7511650482477 4.41633952062941 1.91056720936962 6.9221118318892 7.28935942683821
"24" -1.05860059981555 0.971635948418841 0.293896811826891 0.50752445786161 0.330295613438945 -0.0299927110107491 -1.38138393782555 0.100954625432028 -1.08158826277761 2.33129715974103 0.472 -1.98669324632248 6.75555964792168 3.90595083905042 -2.52764122551619 10.339542903617 3.14943187581702 0.730445476128975 5.56841827550506 3.92513505492269
"310" -1.05860059981555 0.971635948418841 -1.16827638134172 0.764173994074813 -1.21381828430338 -0.921811374693208 0.294633165361926 0.247265676782793 0.736207136848623 3.36678074694543 0.513 -2.25868476529699 9.0220970411991 3.90595083905042 -2.52764122551619 10.339542903617 -0.774582313049571 -4.75568751942143 3.20652289332229 0.79700587182731
"45" -1.05860059981555 0.359581807682563 0.878766089094337 -0.134099382671399 -0.63477557265001 -1.41726618785013 -0.264039202367233 -0.264823002944885 0.325737207900764 5.20902958602487 0.503 -0.55501012997663 10.7747823878865 3.90595083905042 -2.52764122551619 10.339542903617 3.56894659740051 1.20351700166876 5.93437619313226 7.15982879254699
"6" -1.05860059981555 0.359581807682563 0.586331450460614 -0.262424150778001 0.812831206483422 1.35728076582863 0.108409042785539 1.051976459212 -0.90567257894281 4.28898917498072 0.502 -1.11228968470929 9.81182547634653 3.90595083905042 -2.52764122551619 10.339542903617 6.78851112347883 4.36477595810184 9.21224628885581 7.29508219901377
"72" -1.05860059981555 -0.558499403421853 -1.75314565860917 0.764173994074813 0.523309850656736 1.65455365372279 -0.543375386231813 0.686198830835089 -0.0260941597688282 4.69545466297155 0.495 -1.58292308069038 10.7722240410393 3.90595083905042 -2.52764122551619 10.339542903617 3.04393603697944 -0.210583527880988 6.29845560183987 5.12275390518743
"85" -1.05860059981555 -0.558499403421853 1.17120072772806 2.04742167514083 1.48838103674569 -0.525447524167671 1.69131408468482 -0.630600631321798 -0.319286966160155 4.12752939298644 0.521 -1.7857361647285 10.665211877047 3.90595083905042 -2.52764122551619 10.339542903617 6.82296155786283 0.459211949205761 13.1867111665199 3.85234661615887
"94" -1.05860059981555 -0.558499403421853 -1.46071101997545 -0.00577461456479707 0.137281376221154 1.06000787793448 -1.28827187653736 0.17411015110741 -0.788395456386279 5.24381837944575 0.477 -0.421784063350595 10.7748442815512 3.90595083905042 -2.52764122551619 10.339542903617 5.64086144957649 2.70543437428488 8.5762885248681 6.63888740876013
"101" -1.05860059981555 -1.47658061452627 -0.875841742708 -0.647398455097806 0.619816969265631 -1.11999329995598 -1.47449599911374 -0.411134054295651 0.208460085344233 3.70135304129406 0.524 -1.68661901190618 9.07537343868067 3.90595083905042 -2.52764122551619 10.339542903617 5.64474758522064 2.67001744335262 8.61947772708865 1.05329443935401
"112" -1.05860059981555 -1.47658061452627 0.00146217319316832 -0.775723223204407 -1.11731116569449 0.366371139514788 0.946417594379277 1.12513198488738 0.38437576917903 3.16916214590004 0.504 -2.18522748761552 8.62411979291338 3.90595083905042 -2.52764122551619 10.339542903617 0.577957476268683 -2.10829580294416 3.26421075548153 12.2133667850905
"12" -1.05860059981555 -1.47658061452627 1.46363536636178 0.250874921648406 -0.152239979605532 -0.228174636273518 -0.822711570096392 -0.11851195159412 -0.964311140221075 5.86238133341986 0.495 0.611835841376466 11.4654769058921 3.90595083905042 -2.52764122551619 10.339542903617 6.03727036269509 3.87077284063787 8.20376788475232 7.05186774573277
"13" -0.062270623518562 1.27766301878698 -1.75314565860917 -0.904047991311009 0.233788494830049 -1.02090233732459 -1.56760806040194 0.978820933536619 -0.377925527438421 3.8515801717677 0.47 -2.08349544009074 9.87640254882572 3.90595083905042 -2.52764122551619 10.339542903617 5.90610067000439 2.38206744456945 9.43013389543934 5.47253152350248
"14" -0.062270623518562 1.27766301878698 0.00146217319316832 1.53412260271442 0.909338325092317 0.465462102146173 1.59820202339663 0.832509882185855 -1.14022682405587 4.99338935014454 0.52 -0.946230766719702 10.7453516340797 3.90595083905042 -2.52764122551619 10.339542903617 5.81052973077198 0.408627321599598 11.2124321399444 0.957813089041396
"151" -0.062270623518562 1.27766301878698 -0.290972465440554 -1.16069752752421 -1.31032540291228 -0.327265598904902 -0.17092714107904 -0.850067208347946 0.443014330457295 4.18981776841938 0.522 -1.58417493750123 9.37476894474008 3.90595083905042 -2.52764122551619 10.339542903617 4.67506315598337 1.73049309993682 7.61963321202992 4.25747173307837
"167" -0.062270623518562 0.359581807682563 1.17120072772806 0.250874921648406 1.68139527396348 0.762734990040326 1.41197790082024 -0.923222734023329 -0.729756895108014 5.75283885695475 0.514 0.341726328722385 11.696196009902 3.90595083905042 -2.52764122551619 10.339542903617 6.71977342435315 3.37914914192028 10.060397706786 6.46585937770223
"173" -0.062270623518562 0.359581807682563 -1.46071101997545 -1.03237275941761 0.716324087874527 1.85273557898555 -1.19515981524916 -0.996378259698712 0.149821524065968 5.26525651501394 0.483 -0.221024490173977 10.6962953271069 3.90595083905042 -2.52764122551619 10.339542903617 4.17134406740545 1.32509932103051 7.0175888137804 8.93606860030975
"181" -0.062270623518562 0.359581807682563 -0.875841742708 -0.904047991311009 1.10235256231011 -0.822720412061824 1.22575377824386 0.759354356510471 -0.0847327210470937 3.96171379692694 0.483 -2.27844326492485 9.69467764988136 3.90595083905042 -2.52764122551619 10.339542903617 7.19582980275025 4.95429925611485 9.43736034938566 6.16230078865791
"192" -0.062270623518562 -0.558499403421853 1.46363536636178 0.764173994074813 -1.50333964013007 1.15909884056586 -0.45026332494362 -1.06953378537409 -0.612479772551483 5.86196124826948 0.499 0.448647899611577 11.6274172701495 3.90595083905042 -2.52764122551619 10.339542903617 7.62145474306935 4.7138787252986 10.5290307608401 3.84761825212783
"205" -0.062270623518562 -0.558499403421853 -0.583407104074277 1.27747306650122 -1.02080404708559 1.5554626910914 -0.729599508808199 0.905665407861237 -0.436564088716686 5.41564321350117 0.494 -0.539605863594623 11.1585726292805 3.90595083905042 -2.52764122551619 10.339542903617 4.14591206192333 0.615138967170336 7.67668515667633 3.27760757199199
"213" -0.062270623518562 -0.558499403421853 0.878766089094337 0.50752445786161 1.2953667995279 0.86182595267171 1.50508996210844 -1.28900036240024 -0.26064840488189 6.05491039319836 0.502 1.38019047896243 10.9768995109629 3.90595083905042 -2.52764122551619 10.339542903617 5.13648122628293 2.80871632002522 7.46424613254064 3.25781415229759
"222" -0.062270623518562 -1.47658061452627 -1.16827638134172 0.379199689755008 1.00584544370121 -0.624538486799055 1.13264171695566 -0.191667477269502 -0.495202649994952 5.41491286112305 0.501 1.13026946546816 9.90323831098584 3.90595083905042 -2.52764122551619 10.339542903617 5.54865982910035 3.2849294754192 7.8123901827815 5.35303289507884
"23" -0.062270623518562 -1.47658061452627 0.293896811826891 -1.16069752752421 1.39187391813679 -1.51635715048151 0.480857287938312 -0.703756156997181 0.794845698126888 4.79657585751331 0.526 -1.08963452679427 10.6085536153525 3.90595083905042 -2.52764122551619 10.339542903617 4.34476050437585 1.20405406462023 7.48546694413147 2.17873215799652
"261" 1.43222434092693 1.27766301878698 1.46363536636178 2.04742167514083 1.77790239257238 0.267280176883404 -0.915823631384585 0.613043305159706 0.560291453013826 4.81595102826623 0.486 -1.42828507787962 10.9296960723343 3.90595083905042 -2.52764122551619 10.339542903617 6.12347500348156 -1.38570911812021 13.6326591250833 4.34103000207333
"271" 1.43222434092693 1.27766301878698 0.00146217319316832 -1.28902229563081 0.42680273204784 -0.72362944943044 -1.00893569267278 0.393576728133558 0.501652891735561 3.67400259015758 0.535 -1.9950922716319 9.81526966909385 3.90595083905042 -2.52764122551619 10.339542903617 2.57807450022708 -0.133468134351016 5.28961713480517 1.52691640065428
"281" 1.43222434092693 0.359581807682563 -0.290972465440554 1.40579783460782 -0.731282691258905 0.16818921425202 0.201521104073732 0.466732253808941 -0.202009843603625 4.92869295582339 0.529 -0.770071440041437 10.9241502492176 3.90595083905042 -2.52764122551619 10.339542903617 2.05996522834006 -1.62401517444938 5.7439456311295 2.41748463846687
"291" 1.43222434092693 0.359581807682563 -1.75314565860917 -1.03237275941761 -0.8277898098678 -1.31817522521875 -0.077815079790847 -0.337978528620268 -0.847034017664545 4.40789057462867 0.467 -1.40176846292607 10.5861682006841 3.90595083905042 -2.52764122551619 10.339542903617 11.0024673280861 8.6747279299864 13.3302067261857 6.80057429782525
"30" 1.43222434092693 0.359581807682563 0.878766089094337 0.250874921648406 -0.248747098214428 0.663644027408942 0.387745226650119 -0.484289579971033 -1.02294970149934 7.56090067346822 0.488 1.77709701112048 13.0758109558217 3.90595083905042 -2.52764122551619 10.339542903617 11.6454889513365 9.01057264370015 14.2804052589729 4.06436745388771
"311" 1.43222434092693 -0.558499403421853 0.293896811826891 -0.519073686991204 -0.924296928476696 -1.21908426258736 0.760193471802891 -0.0453564259187371 -0.143371282325359 9.89604077943626 0.505 4.60490088698489 14.7750750357705 3.90595083905042 -2.52764122551619 10.339542903617 12.6974525736814 10.9098463312181 14.4850588161447 9.43424096577323
"32" 1.43222434092693 -0.558499403421853 1.17120072772806 2.04742167514083 1.198859680919 1.45637172846002 0.0152969814973461 0.320421202458176 0.677568575570357 4.24916176850896 0.522 -1.39510938652055 9.66538629663238 3.90595083905042 -2.52764122551619 10.339542903617 4.45895866220653 -1.92807469332677 10.8459920177398 1.44857755501742
"331" 1.43222434092693 -0.558499403421853 -1.16827638134172 -0.519073686991204 -0.055732860996637 -0.129083673642133 1.31886583953205 -1.36215588807562 0.0325444015094373 7.1516850325659 0.525 0.765412480644495 13.473873470604 3.90595083905042 -2.52764122551619 10.339542903617 10.6153179658681 7.6855741618809 13.5450617698553 6.96968119316905
"351" 1.43222434092693 -1.47658061452627 -0.583407104074277 0.379199689755008 1.58488815535459 1.25818980319725 0.667081410514698 0.0277990997566456 -0.553841211273217 6.42054172743796 0.445 0.441764312583819 12.4019043957449 3.90595083905042 -2.52764122551619 10.339542903617 5.82135919512898 2.80047378985525 8.84224460040272 6.84547861321047
