"slope" "angle" "top.layer3" "bot.layer3" "vs2" "vs3" "vs4" "density" "freq" "train.response"
"1" -1.05860059981555 -1.47658061452627 -0.290972465440554 -1.03237275941761 0.357869075898629 -0.543142338923275 1.43858134690258 0.344806377683303 0.267098646622499 4.81372651423313
"4" -1.05860059981555 -0.558499403421853 -0.290972465440554 0.122550153541805 0.337188979053866 1.32896906221967 0.56731848770592 1.56406513893968 0.267098646622499 2.77387444471221
"20" -1.05860059981555 -1.47658061452627 1.46363536636178 -1.41734706373742 -0.117773151530927 -0.352038339562748 0.587271072267675 0.344806377683303 0.267098646622499 2.9847983559384
"21" -1.05860059981555 0.971635948418841 1.46363536636178 2.04742167514083 -0.207386904524901 0.157572325398657 0.327887472964852 -0.264823002944885 2.46604469455745 0.0272045587473325
"27" -1.05860059981555 0.359581807682563 1.46363536636178 0.122550153541805 -0.0350527641518737 -1.00674648552011 -0.869267600740489 -1.48408176420126 -1.19886538533414 0.739268711780998
"31" -1.05860059981555 -1.47658061452627 1.46363536636178 -0.647398455097806 -0.145346613990611 -0.734246338283802 -1.44124169151082 0.344806377683303 1.00008066260082 4.52899380622143
"33" -1.05860059981555 -0.558499403421853 -1.46071101997545 -1.03237275941761 0.61292360365071 0.815819434307139 1.4784865160261 0.954435758311492 0.267098646622499 3.90120458630118
"39" -1.05860059981555 0.359581807682563 -1.46071101997545 -1.41734706373742 0.495736388197051 -1.26509078095193 -0.111069387393773 0.344806377683303 1.73306267857914 0.762002599397073
"41" -1.05860059981555 0.971635948418841 -1.46071101997545 -0.262424150778001 0.674963894185 -0.19632396971343 -0.510121078628887 1.56406513893968 -1.19886538533414 6.00392120168807
"42" -1.05860059981555 0.971635948418841 -0.875841742708 -0.647398455097806 0.640497066110394 -0.00168100740178209 -0.689694339684688 -1.48408176420126 -0.465883369355819 5.65806997084936
"44" -1.05860059981555 0.359581807682563 -0.875841742708 -1.03237275941761 0.661177162955158 -1.55882470589497 -1.01558655419336 0.344806377683303 -0.465883369355819 5.77086613560601
"51" -1.05860059981555 -0.558499403421853 0.293896811826891 1.27747306650122 0.130388010606233 1.18387158122371 0.893210702214596 -0.264823002944885 -0.465883369355819 3.75453159379679
"52" -1.05860059981555 -0.558499403421853 0.293896811826891 -1.41734706373742 0.102814548146548 1.14494298876138 0.620525379870602 0.344806377683303 0.267098646622499 2.15151501531691
"54" -1.05860059981555 0.359581807682563 0.878766089094337 -0.647398455097806 -0.0212660329220315 -1.09168159634701 0.12171076582671 0.344806377683303 2.46604469455745 0.366213772845682
"55" -1.05860059981555 0.971635948418841 0.293896811826891 0.122550153541805 0.0200941607674952 0.507929657559623 -0.0977676643526027 1.56406513893968 1.73306267857914 1.37671205128289
"63" -1.05860059981555 -0.558499403421853 0.293896811826891 -1.03237275941761 0.075241085686864 1.69348224618511 -1.42128910694906 0.954435758311492 1.00008066260082 3.9943293204413
"67" -1.05860059981555 0.971635948418841 -0.875841742708 -0.647398455097806 -1.15177799376909 0.69903365692015 0.906512425255766 -0.874452383573074 -0.465883369355819 4.57849948861167
"74" -1.05860059981555 -1.47658061452627 -0.875841742708 -0.647398455097806 -1.13799126253925 -0.221096710371276 -0.669741755122932 -1.48408176420126 -0.465883369355819 7.80109807477832
"75" -1.05860059981555 -0.558499403421853 -0.875841742708 1.27747306650122 -1.11041780007957 1.77133943110977 -0.842664154658148 -0.264823002944885 -1.19886538533414 4.62465721378978
"89" -0.062270623518562 -0.558499403421853 0.878766089094337 -1.41734706373742 -1.39304579029133 1.4032872841932 -0.47686677102596 0.954435758311492 -1.19886538533414 9.24077835507144
"92" -0.062270623518562 -1.47658061452627 0.878766089094337 1.27747306650122 -1.39993915590625 -0.592687820238967 -0.988983108111023 1.56406513893968 -1.19886538533414 5.80469579034407
"97" -0.062270623518562 1.27766301878698 -1.46071101997545 -1.03237275941761 -1.01391068147067 0.0974099552296023 1.55829685427312 0.344806377683303 -0.465883369355819 9.45139276464606
"98" -0.062270623518562 1.27766301878698 -1.46071101997545 0.892498762181415 -1.02769741270051 0.125721658838569 1.23905550128503 -0.264823002944885 0.267098646622499 5.66492882004402
"105" -0.062270623518562 -0.558499403421853 -1.46071101997545 0.122550153541805 -0.972550487781144 1.07416372973896 -0.46356504798479 0.954435758311492 -1.19886538533414 6.24400943795181
"106" -0.062270623518562 -0.558499403421853 -1.46071101997545 -0.647398455097806 -0.993230584625907 1.25465084024613 -0.649789170561176 -0.874452383573074 -0.465883369355819 9.72481767515244
"108" -0.062270623518562 -1.47658061452627 -1.46071101997545 -1.03237275941761 -0.979443853396065 -0.759019078941648 -0.982332246590437 0.954435758311492 -1.19886538533414 6.61243080203906
"113" -0.062270623518562 0.359581807682563 0.293896811826891 0.892498762181415 -1.29653867168244 -1.59421433540617 1.57824943883487 0.954435758311492 -0.465883369355819 6.56571906628
"125" -0.062270623518562 0.359581807682563 0.293896811826891 -0.647398455097806 -1.33100549975704 -1.16246085536943 -1.12200033852273 -1.48408176420126 1.00008066260082 1.41654376390764
"132" -0.062270623518562 -0.558499403421853 -0.290972465440554 0.50752445786161 1.46770093990093 1.02107928547215 0.700335718117624 1.56406513893968 0.267098646622499 3.6531746171916
"140" -0.062270623518562 1.27766301878698 -0.290972465440554 -1.41734706373742 1.55042132727998 0.0832541034251188 -0.962379662028682 0.344806377683303 -0.465883369355819 6.47037755698952
"143" -0.062270623518562 -0.558499403421853 -0.290972465440554 0.122550153541805 1.4263407462114 1.67224846847839 -1.38138393782555 0.954435758311492 1.00008066260082 0.0867400457194178
"146" -0.062270623518562 -0.558499403421853 1.46363536636178 -0.647398455097806 0.847298034558028 0.971533804156457 1.29891325497029 -0.874452383573074 0.267098646622499 7.03496060260836
"149" -0.062270623518562 1.27766301878698 1.46363536636178 1.66244737082103 0.743897550334211 0.41237765787936 0.454253841855971 -0.874452383573074 2.46604469455745 0.157272446135389
"153" -0.062270623518562 1.27766301878698 1.46363536636178 -1.03237275941761 0.950698518781844 -0.125544710691013 -0.430310740381864 0.344806377683303 -1.19886538533414 6.70091605246083
"179" 1.43222434092693 -0.558499403421853 0.878766089094337 2.04742167514083 1.19196631530408 1.45991069141114 1.03287879414689 -0.264823002944885 -0.465883369355819 4.78950033985369
"225" 1.43222434092693 1.27766301878698 -1.46071101997545 -1.41734706373742 -0.310787388748718 0.352215287710305 1.72456839228775 0.344806377683303 0.267098646622499 5.46144640283467
"227" 1.43222434092693 0.359581807682563 -1.46071101997545 -0.262424150778001 -0.297000657518876 -1.17307774422279 1.09273654783215 -1.48408176420126 -0.465883369355819 7.25374380269418
"228" 1.43222434092693 0.359581807682563 -1.46071101997545 0.122550153541805 -0.32457411997856 -1.31463626226763 0.800098640926402 1.56406513893968 0.267098646622499 7.62054034796495
"233" 1.43222434092693 -0.558499403421853 -1.46071101997545 0.50752445786161 -0.26253382944427 1.34666387697527 -0.370452986696597 1.56406513893968 -1.19886538533414 6.55123917385077
"241" 1.43222434092693 0.359581807682563 0.293896811826891 0.50752445786161 -0.683029131954457 -1.1235322629071 1.7445209768495 0.954435758311492 0.267098646622499 3.77472686248818
"249" 1.43222434092693 -1.47658061452627 0.293896811826891 -0.647398455097806 -0.641668938264931 -0.341421450709386 -0.357151263655426 0.344806377683303 -1.19886538533414 12.9255272874524
"252" 1.43222434092693 -0.558499403421853 0.293896811826891 0.122550153541805 -0.655455669494773 1.63331987601606 -0.889220185302244 1.56406513893968 -1.19886538533414 9.88418765908801
"255" 1.43222434092693 1.27766301878698 0.293896811826891 -1.41734706373742 -0.717495960029063 0.111565807034086 -1.32817704566087 0.344806377683303 1.00008066260082 0.622617192001749
"24" -1.05860059981555 0.971635948418841 0.293896811826891 0.50752445786161 0.330295613438945 -0.0299927110107491 -1.38138393782555 0.100954625432028 -1.08158826277761 3.92513505492269
"72" -1.05860059981555 -0.558499403421853 -1.75314565860917 0.764173994074813 0.523309850656736 1.65455365372279 -0.543375386231813 0.686198830835089 -0.0260941597688282 5.12275390518743
"151" -0.062270623518562 1.27766301878698 -0.290972465440554 -1.16069752752421 -1.31032540291228 -0.327265598904902 -0.17092714107904 -0.850067208347946 0.443014330457295 4.25747173307837
"173" -0.062270623518562 0.359581807682563 -1.46071101997545 -1.03237275941761 0.716324087874527 1.85273557898555 -1.19515981524916 -0.996378259698712 0.149821524065968 8.93606860030975
"23" -0.062270623518562 -1.47658061452627 0.293896811826891 -1.16069752752421 1.39187391813679 -1.51635715048151 0.480857287938312 -0.703756156997181 0.794845698126888 2.17873215799652
"261" 1.43222434092693 1.27766301878698 1.46363536636178 2.04742167514083 1.77790239257238 0.267280176883404 -0.915823631384585 0.613043305159706 0.560291453013826 4.34103000207333
"32" 1.43222434092693 -0.558499403421853 1.17120072772806 2.04742167514083 1.198859680919 1.45637172846002 0.0152969814973461 0.320421202458176 0.677568575570357 1.44857755501742
