"slope" "angle" "top.layer3" "bot.layer3" "vs2" "vs3" "vs4" "density" "freq" "train.response"
"1" -1.05860059981555 -1.47658061452627 -0.290972465440554 -1.03237275941761 0.357869075898629 -0.543142338923275 1.43858134690258 0.344806377683303 0.267098646622499 4.81372651423313
"4" -1.05860059981555 -0.558499403421853 -0.290972465440554 0.122550153541805 0.337188979053866 1.32896906221967 0.56731848770592 1.56406513893968 0.267098646622499 2.77387444471221
"7" -1.05860059981555 0.971635948418841 -0.290972465440554 -1.41734706373742 0.247575226059892 -0.11492782183765 -0.137672833476114 0.344806377683303 1.73306267857914 1.29445380915949
"9" -1.05860059981555 0.359581807682563 -0.290972465440554 0.122550153541805 0.419909366432919 -1.28278559570754 -0.536724524711228 0.954435758311492 -1.19886538533414 4.85268562983867
"10" -1.05860059981555 0.359581807682563 -0.290972465440554 -0.647398455097806 0.385442538358314 -1.18369463307615 -0.716297785767029 -1.48408176420126 -0.465883369355819 3.90104358315279
"18" -1.05860059981555 -0.558499403421853 1.46363536636178 0.122550153541805 -0.131559882760769 1.85273557898555 1.14594343999683 -0.874452383573074 0.267098646622499 1.24096396730653
"26" -1.05860059981555 0.971635948418841 1.46363536636178 1.27747306650122 -0.0764129578414003 0.635332323799975 -0.702996062725858 -0.264823002944885 -0.465883369355819 4.8393317074703
"39" -1.05860059981555 0.359581807682563 -1.46071101997545 -1.41734706373742 0.495736388197051 -1.26509078095193 -0.111069387393773 0.344806377683303 1.73306267857914 0.762002599397073
"43" -1.05860059981555 0.359581807682563 -1.46071101997545 0.892498762181415 0.695643991029763 -1.54112989113936 -0.862616739219903 -0.264823002944885 -1.19886538533414 0.853013615858084
"57" -1.05860059981555 0.359581807682563 0.293896811826891 -1.41734706373742 0.178641569910681 -1.42080515080125 -0.503470217108301 0.344806377683303 -1.19886538533414 2.32393572481592
"60" -1.05860059981555 0.971635948418841 0.878766089094337 1.27747306650122 0.157961473065917 0.0407865480116684 -1.00893569267278 1.56406513893968 -1.19886538533414 2.88799504310422
"68" -1.05860059981555 0.971635948418841 -0.875841742708 0.122550153541805 -1.16556472499893 0.539780324119711 0.633827102911772 0.954435758311492 0.267098646622499 9.69224601104116
"91" -0.062270623518562 -1.47658061452627 0.878766089094337 0.122550153541805 -1.38615242467641 -0.468824116949737 -0.829362431616977 -0.874452383573074 -1.19886538533414 11.2728410313799
"95" -0.062270623518562 0.359581807682563 0.878766089094337 -1.03237275941761 -1.4481927152107 -1.57651952065057 -1.40798738390789 0.954435758311492 1.00008066260082 2.82906858051329
"98" -0.062270623518562 1.27766301878698 -1.46071101997545 0.892498762181415 -1.02769741270051 0.125721658838569 1.23905550128503 -0.264823002944885 0.267098646622499 5.66492882004402
"99" -0.062270623518562 0.359581807682563 -1.46071101997545 -0.647398455097806 -1.00012395024083 -1.32525315112099 0.946417594379277 -1.48408176420126 -0.465883369355819 8.35324239212283
"100" -0.062270623518562 0.359581807682563 -1.46071101997545 -0.262424150778001 -1.02080404708559 -1.45619478031246 0.667081410514698 1.56406513893968 0.267098646622499 4.07291342479446
"106" -0.062270623518562 -0.558499403421853 -1.46071101997545 -0.647398455097806 -0.993230584625907 1.25465084024613 -0.649789170561176 -0.874452383573074 -0.465883369355819 9.72481767515244
"107" -0.062270623518562 -1.47658061452627 -1.46071101997545 0.892498762181415 -0.965657122166223 -0.688239819919231 -0.822711570096392 -0.264823002944885 -1.19886538533414 6.15602852885314
"121" -0.062270623518562 -1.47658061452627 0.293896811826891 -1.03237275941761 -1.26207184360783 -0.907655522888725 -0.45026332494362 0.344806377683303 -1.19886538533414 14.6996252364395
"122" -0.062270623518562 -1.47658061452627 0.293896811826891 1.27747306650122 -1.27585857483767 -0.882882782230879 -0.636487447520006 -0.264823002944885 -0.465883369355819 2.57553526624734
"127" -0.062270623518562 1.27766301878698 0.293896811826891 -1.03237275941761 -1.3172187685272 0.334520472954701 -1.38803479934614 0.344806377683303 1.00008066260082 3.74405835872465
"131" -0.062270623518562 -0.558499403421853 -0.290972465440554 -0.262424150778001 1.50906113359045 1.27234565500173 0.979671901982204 -1.48408176420126 -0.465883369355819 6.67828714805618
"136" -0.062270623518562 1.27766301878698 -0.290972465440554 1.27747306650122 1.30915353075774 0.61763750904437 -0.244086617805478 -0.264823002944885 2.46604469455745 0.0145646361715714
"143" -0.062270623518562 -0.558499403421853 -0.290972465440554 0.122550153541805 1.4263407462114 1.67224846847839 -1.38138393782555 0.954435758311492 1.00008066260082 0.0867400457194178
"148" -0.062270623518562 -1.47658061452627 1.46363536636178 -1.03237275941761 0.867978131402791 -0.939506189448813 0.72028830267938 0.954435758311492 0.267098646622499 5.34260309454109
"149" -0.062270623518562 1.27766301878698 1.46363536636178 1.66244737082103 0.743897550334211 0.41237765787936 0.454253841855971 -0.874452383573074 2.46604469455745 0.157272446135389
"180" 1.43222434092693 -0.558499403421853 0.878766089094337 -0.647398455097806 1.15749948722948 1.42098209894881 0.753542610282306 0.344806377683303 0.267098646622499 7.68555028056777
"191" 1.43222434092693 -0.558499403421853 0.878766089094337 -1.41734706373742 1.11613929353995 0.833514249062743 -1.3614313532638 0.954435758311492 1.00008066260082 1.20513491421836
"194" 1.43222434092693 0.359581807682563 -0.290972465440554 0.892498762181415 -0.531375088426193 -1.51281818753039 1.35877100865556 -0.874452383573074 0.267098646622499 2.86502237212799
"195" 1.43222434092693 1.27766301878698 -0.875841742708 -0.262424150778001 -0.490014894736666 -0.0441485628152325 1.05283137870864 -0.874452383573074 -0.465883369355819 10.214170021119
"203" 1.43222434092693 -0.558499403421853 -0.875841742708 0.892498762181415 -0.44865470104714 0.90075454513404 -0.75620295489054 -0.264823002944885 -1.19886538533414 4.71253444448021
"218" 1.43222434092693 -0.558499403421853 1.46363536636178 2.04742167514083 -0.834683175482722 1.20156639597931 -0.569978832314154 -0.264823002944885 -0.465883369355819 3.08080560231111
"220" 1.43222434092693 -1.47658061452627 1.46363536636178 0.892498762181415 -0.820896444252879 -0.769635967795011 -0.909172769864 0.954435758311492 -1.19886538533414 7.42769562868397
"223" 1.43222434092693 0.359581807682563 0.878766089094337 -1.41734706373742 -0.882936734787169 -1.10229848520037 -1.34147876870204 0.344806377683303 1.00008066260082 0.965720235942101
"225" 1.43222434092693 1.27766301878698 -1.46071101997545 -1.41734706373742 -0.310787388748718 0.352215287710305 1.72456839228775 0.344806377683303 0.267098646622499 5.46144640283467
"235" 1.43222434092693 -1.47658061452627 -1.46071101997545 0.892498762181415 -0.248747098214428 -0.482979968754221 -0.736250370328784 -0.874452383573074 -1.19886538533414 4.4026049169133
"242" 1.43222434092693 0.359581807682563 0.293896811826891 -0.647398455097806 -0.710602594414142 -1.01736337437347 1.41862876234083 -1.48408176420126 0.267098646622499 12.6580360756314
"5" -1.05860059981555 0.359581807682563 -0.290972465440554 1.02082353028802 -0.345254216823323 0.960916915303095 0.853305533091084 0.539887779484324 -0.671118333829748 6.19466393925818
"94" -1.05860059981555 -0.558499403421853 -1.46071101997545 -0.00577461456479707 0.137281376221154 1.06000787793448 -1.28827187653736 0.17411015110741 -0.788395456386279 6.63888740876013
"12" -1.05860059981555 -1.47658061452627 1.46363536636178 0.250874921648406 -0.152239979605532 -0.228174636273518 -0.822711570096392 -0.11851195159412 -0.964311140221075 7.05186774573277
"151" -0.062270623518562 1.27766301878698 -0.290972465440554 -1.16069752752421 -1.31032540291228 -0.327265598904902 -0.17092714107904 -0.850067208347946 0.443014330457295 4.25747173307837
"173" -0.062270623518562 0.359581807682563 -1.46071101997545 -1.03237275941761 0.716324087874527 1.85273557898555 -1.19515981524916 -0.996378259698712 0.149821524065968 8.93606860030975
"181" -0.062270623518562 0.359581807682563 -0.875841742708 -0.904047991311009 1.10235256231011 -0.822720412061824 1.22575377824386 0.759354356510471 -0.0847327210470937 6.16230078865791
"213" -0.062270623518562 -0.558499403421853 0.878766089094337 0.50752445786161 1.2953667995279 0.86182595267171 1.50508996210844 -1.28900036240024 -0.26064840488189 3.25781415229759
"23" -0.062270623518562 -1.47658061452627 0.293896811826891 -1.16069752752421 1.39187391813679 -1.51635715048151 0.480857287938312 -0.703756156997181 0.794845698126888 2.17873215799652
"25" 1.43222434092693 1.27766301878698 0.586331450460614 -0.519073686991204 1.87440951118127 -1.6154481131129 -0.636487447520006 -1.14268931104948 0.0911829627877025 3.76104244076896
"281" 1.43222434092693 0.359581807682563 -0.290972465440554 1.40579783460782 -0.731282691258905 0.16818921425202 0.201521104073732 0.466732253808941 -0.202009843603625 2.41748463846687
"331" 1.43222434092693 -0.558499403421853 -1.16827638134172 -0.519073686991204 -0.055732860996637 -0.129083673642133 1.31886583953205 -1.36215588807562 0.0325444015094373 6.96968119316905
"341" 1.43222434092693 -1.47658061452627 -1.46071101997545 -0.519073686991204 -0.538268454041114 1.75364461635417 0.573969349226505 -1.21584483672486 -1.19886538533414 14.411589374376
