"slope" "angle" "top.layer3" "bot.layer3" "vs2" "vs3" "vs4" "density" "freq" "train.response"
"1" -1.05860059981555 -1.47658061452627 -0.290972465440554 -1.03237275941761 0.357869075898629 -0.543142338923275 1.43858134690258 0.344806377683303 0.267098646622499 4.81372651423313
"15" -1.05860059981555 -0.558499403421853 -0.290972465440554 0.50752445786161 0.309615516594181 0.783968767747051 -1.4478925530314 1.56406513893968 1.00008066260082 0.0685150420214017
"17" -1.05860059981555 -0.558499403421853 1.46363536636178 1.27747306650122 -0.103986420301085 1.65455365372279 1.45853393146434 1.56406513893968 0.267098646622499 4.10892967746936
"19" -1.05860059981555 -1.47658061452627 1.46363536636178 1.66244737082103 -0.0901996890712425 -0.274181154638089 0.853305533091084 -0.874452383573074 -0.465883369355819 3.90902255033693
"20" -1.05860059981555 -1.47658061452627 1.46363536636178 -1.41734706373742 -0.117773151530927 -0.352038339562748 0.587271072267675 0.344806377683303 0.267098646622499 2.9847983559384
"26" -1.05860059981555 0.971635948418841 1.46363536636178 1.27747306650122 -0.0764129578414003 0.635332323799975 -0.702996062725858 -0.264823002944885 -0.465883369355819 4.8393317074703
"27" -1.05860059981555 0.359581807682563 1.46363536636178 0.122550153541805 -0.0350527641518737 -1.00674648552011 -0.869267600740489 -1.48408176420126 -1.19886538533414 0.739268711780998
"29" -1.05860059981555 -0.558499403421853 1.46363536636178 -0.262424150778001 -0.159133345220454 1.29357943270846 -1.17520723068741 -1.48408176420126 1.00008066260082 3.64939742992065
"31" -1.05860059981555 -1.47658061452627 1.46363536636178 -0.647398455097806 -0.145346613990611 -0.734246338283802 -1.44124169151082 0.344806377683303 1.00008066260082 4.52899380622143
"33" -1.05860059981555 -0.558499403421853 -1.46071101997545 -1.03237275941761 0.61292360365071 0.815819434307139 1.4784865160261 0.954435758311492 0.267098646622499 3.90120458630118
"42" -1.05860059981555 0.971635948418841 -0.875841742708 -0.647398455097806 0.640497066110394 -0.00168100740178209 -0.689694339684688 -1.48408176420126 -0.465883369355819 5.65806997084936
"43" -1.05860059981555 0.359581807682563 -1.46071101997545 0.892498762181415 0.695643991029763 -1.54112989113936 -0.862616739219903 -0.264823002944885 -1.19886538533414 0.853013615858084
"51" -1.05860059981555 -0.558499403421853 0.293896811826891 1.27747306650122 0.130388010606233 1.18387158122371 0.893210702214596 -0.264823002944885 -0.465883369355819 3.75453159379679
"56" -1.05860059981555 0.971635948418841 0.293896811826891 -0.647398455097806 -0.00747930169218926 0.734423286431359 -0.303944371490745 -1.48408176420126 2.46604469455745 0.405543011537669
"58" -1.05860059981555 0.359581807682563 0.878766089094337 1.66244737082103 0.144174741836075 -1.36418174358332 -0.683043478164102 -0.874452383573074 -0.465883369355819 5.43598246642373
"61" -1.05860059981555 -1.47658061452627 0.293896811826891 -0.647398455097806 0.0614543544570218 -0.249408413980243 -1.15525464612565 -1.48408176420126 1.00008066260082 3.43315325739171
"65" -1.05860059981555 0.359581807682563 -0.875841742708 -1.03237275941761 -1.15867135938401 -1.11291537405374 1.51839168514961 0.954435758311492 -0.465883369355819 12.0530695766588
"66" -1.05860059981555 0.359581807682563 -0.875841742708 1.27747306650122 -1.17935145622878 -1.04921404093356 1.2058011936821 -0.874452383573074 0.267098646622499 4.1414297503581
"67" -1.05860059981555 0.971635948418841 -0.875841742708 -0.647398455097806 -1.15177799376909 0.69903365692015 0.906512425255766 -0.874452383573074 -0.465883369355819 4.57849948861167
"73" -1.05860059981555 -1.47658061452627 -0.875841742708 0.122550153541805 -1.12420453130941 -0.405122783829561 -0.490168494067131 1.56406513893968 -1.19886538533414 8.07500149351764
"75" -1.05860059981555 -0.558499403421853 -0.875841742708 1.27747306650122 -1.11041780007957 1.77133943110977 -0.842664154658148 -0.264823002944885 -1.19886538533414 4.62465721378978
"78" -1.05860059981555 0.359581807682563 -0.875841742708 -1.41734706373742 -1.21381828430338 -1.39957137309453 -1.28827187653736 0.344806377683303 1.73306267857914 0.229706008386563
"79" -1.05860059981555 0.971635948418841 -0.875841742708 0.50752445786161 -1.1862448218437 0.0124748444027014 -1.41463824542848 1.56406513893968 1.00008066260082 1.01680392068397
"81" -1.05860059981555 0.971635948418841 0.878766089094337 0.892498762181415 -1.42061925275102 0.246046399176679 1.53834426971136 1.56406513893968 -0.465883369355819 9.48751087938509
"84" -1.05860059981555 0.359581807682563 0.878766089094337 -1.41734706373742 -1.43440598398086 -1.24385700324521 0.647128825952942 0.344806377683303 0.267098646622499 5.84867694113669
"90" -0.062270623518562 -0.558499403421853 0.878766089094337 1.66244737082103 -1.40683252152117 1.51653409862907 -0.663090893602347 -0.874452383573074 -0.465883369355819 2.32415112572964
"98" -0.062270623518562 1.27766301878698 -1.46071101997545 0.892498762181415 -1.02769741270051 0.125721658838569 1.23905550128503 -0.264823002944885 0.267098646622499 5.66492882004402
"100" -0.062270623518562 0.359581807682563 -1.46071101997545 -0.262424150778001 -1.02080404708559 -1.45619478031246 0.667081410514698 1.56406513893968 0.267098646622499 4.07291342479446
"105" -0.062270623518562 -0.558499403421853 -1.46071101997545 0.122550153541805 -0.972550487781144 1.07416372973896 -0.46356504798479 0.954435758311492 -1.19886538533414 6.24400943795181
"107" -0.062270623518562 -1.47658061452627 -1.46071101997545 0.892498762181415 -0.965657122166223 -0.688239819919231 -0.822711570096392 -0.264823002944885 -1.19886538533414 6.15602852885314
"108" -0.062270623518562 -1.47658061452627 -1.46071101997545 -1.03237275941761 -0.979443853396065 -0.759019078941648 -0.982332246590437 0.954435758311492 -1.19886538533414 6.61243080203906
"113" -0.062270623518562 0.359581807682563 0.293896811826891 0.892498762181415 -1.29653867168244 -1.59421433540617 1.57824943883487 0.954435758311492 -0.465883369355819 6.56571906628
"115" -0.062270623518562 1.27766301878698 0.293896811826891 1.27747306650122 -1.28964530606751 -0.058304414619716 0.959719317420448 -0.874452383573074 -0.465883369355819 5.64765895373347
"122" -0.062270623518562 -1.47658061452627 0.293896811826891 1.27747306650122 -1.27585857483767 -0.882882782230879 -0.636487447520006 -0.264823002944885 -0.465883369355819 2.57553526624734
"127" -0.062270623518562 1.27766301878698 0.293896811826891 -1.03237275941761 -1.3172187685272 0.334520472954701 -1.38803479934614 0.344806377683303 1.00008066260082 3.74405835872465
"128" -0.062270623518562 1.27766301878698 0.293896811826891 1.27747306650122 -1.33789886537196 0.366371139514788 -1.51440116823726 -0.264823002944885 1.00008066260082 0.0949172668948546
"130" -0.062270623518562 -1.47658061452627 -0.290972465440554 0.892498762181415 1.44702084305616 -0.698856708772594 1.27896067040854 -0.264823002944885 0.267098646622499 2.23058428738241
"131" -0.062270623518562 -0.558499403421853 -0.290972465440554 -0.262424150778001 1.50906113359045 1.27234565500173 0.979671901982204 -1.48408176420126 -0.465883369355819 6.67828714805618
"146" -0.062270623518562 -0.558499403421853 1.46363536636178 -0.647398455097806 0.847298034558028 0.971533804156457 1.29891325497029 -0.874452383573074 0.267098646622499 7.03496060260836
"149" -0.062270623518562 1.27766301878698 1.46363536636178 1.66244737082103 0.743897550334211 0.41237765787936 0.454253841855971 -0.874452383573074 2.46604469455745 0.157272446135389
"153" -0.062270623518562 1.27766301878698 1.46363536636178 -1.03237275941761 0.950698518781844 -0.125544710691013 -0.430310740381864 0.344806377683303 -1.19886538533414 6.70091605246083
"154" -0.062270623518562 1.27766301878698 1.46363536636178 1.66244737082103 0.916231690707239 -0.100771970033166 -0.61653486295825 -0.264823002944885 -0.465883369355819 6.3643993502872
"155" -0.062270623518562 0.359581807682563 1.46363536636178 -0.262424150778001 0.971378615626607 -1.47742855801919 -0.789457262493466 -1.48408176420126 -1.19886538533414 1.86689384310461
"157" -0.062270623518562 -0.558499403421853 1.46363536636178 0.122550153541805 0.812831206483422 1.57669646879813 -1.10204775396097 -1.48408176420126 1.00008066260082 2.28561684853823
"162" -0.062270623518562 -0.558499403421853 -0.875841742708 0.892498762181415 1.77790239257238 1.83150180127883 1.31886583953205 -0.874452383573074 0.267098646622499 1.67419421480265
"164" -0.062270623518562 -1.47658061452627 -0.875841742708 0.50752445786161 1.79858248941714 -0.390966932025078 0.73359002572055 1.56406513893968 0.267098646622499 2.8345425110599
"169" -0.062270623518562 1.27766301878698 -0.875841742708 0.50752445786161 1.90887633925588 0.490234842804019 -0.417009017340693 1.56406513893968 -1.19886538533414 1.9198447869514
"171" -0.062270623518562 0.359581807682563 -0.875841742708 0.892498762181415 1.92955643610064 -1.05983092978692 -0.776155539452296 -0.264823002944885 -1.19886538533414 1.32730116786343
"172" 1.43222434092693 0.359581807682563 -0.875841742708 -1.41734706373742 1.88819624241111 -1.08106470749365 -0.942427077466926 0.344806377683303 -0.465883369355819 3.9106337016924
"177" 1.43222434092693 -1.47658061452627 0.878766089094337 0.50752445786161 1.17817958407424 -0.60330470909233 1.66471063860248 1.56406513893968 0.267098646622499 4.52452736944111
"179" 1.43222434092693 -0.558499403421853 0.878766089094337 2.04742167514083 1.19196631530408 1.45991069141114 1.03287879414689 -0.264823002944885 -0.465883369355819 4.78950033985369
"180" 1.43222434092693 -0.558499403421853 0.878766089094337 -0.647398455097806 1.15749948722948 1.42098209894881 0.753542610282306 0.344806377683303 0.267098646622499 7.68555028056777
"187" 1.43222434092693 1.27766301878698 0.878766089094337 -0.647398455097806 1.26779333706821 0.444228324439448 -0.76950467793171 -1.48408176420126 -1.19886538533414 1.58364821205418
"188" 1.43222434092693 1.27766301878698 0.878766089094337 0.50752445786161 1.23332650899361 0.288513954590129 -0.929125354425756 0.954435758311492 -0.465883369355819 5.96201409512164
"193" 1.43222434092693 0.359581807682563 -0.290972465440554 -1.41734706373742 -0.503801625966509 -1.56590263179721 1.68466322316424 0.344806377683303 0.267098646622499 3.8310545812987
"202" 1.43222434092693 -1.47658061452627 -0.290972465440554 -0.262424150778001 -0.483121529121745 -0.826259375012945 -0.583280555355324 -1.48408176420126 -0.465883369355819 8.67843121371531
"203" 1.43222434092693 -0.558499403421853 -0.875841742708 0.892498762181415 -0.44865470104714 0.90075454513404 -0.75620295489054 -0.264823002944885 -1.19886538533414 4.71253444448021
"208" 1.43222434092693 1.27766301878698 -0.290972465440554 -0.647398455097806 -0.565841916500799 0.476078990999535 -1.47449599911374 -1.48408176420126 1.00008066260082 0.992531248556363
"210" 1.43222434092693 1.27766301878698 1.46363536636178 -0.262424150778001 -0.876043369172248 0.231890547372195 1.37872359321732 -1.48408176420126 0.267098646622499 5.87661170363631
"211" 1.43222434092693 0.359581807682563 0.878766089094337 2.04742167514083 -0.841576541097643 -1.39249344719228 1.0727839632704 -0.264823002944885 -0.465883369355819 1.79921599729927
"212" 1.43222434092693 0.359581807682563 1.46363536636178 -0.647398455097806 -0.862256637942406 -1.41018826194789 0.786796917885232 0.344806377683303 0.267098646622499 11.0769515696007
"218" 1.43222434092693 -0.558499403421853 1.46363536636178 2.04742167514083 -0.834683175482722 1.20156639597931 -0.569978832314154 -0.264823002944885 -0.465883369355819 3.08080560231111
"219" 1.43222434092693 -1.47658061452627 0.878766089094337 -0.262424150778001 -0.800216347408116 -0.652850190408022 -0.749552093369955 -1.48408176420126 -1.19886538533414 13.801607516847
"225" 1.43222434092693 1.27766301878698 -1.46071101997545 -1.41734706373742 -0.310787388748718 0.352215287710305 1.72456839228775 0.344806377683303 0.267098646622499 5.46144640283467
"227" 1.43222434092693 0.359581807682563 -1.46071101997545 -0.262424150778001 -0.297000657518876 -1.17307774422279 1.09273654783215 -1.48408176420126 -0.465883369355819 7.25374380269418
"228" 1.43222434092693 0.359581807682563 -1.46071101997545 0.122550153541805 -0.32457411997856 -1.31463626226763 0.800098640926402 1.56406513893968 0.267098646622499 7.62054034796495
"235" 1.43222434092693 -1.47658061452627 -1.46071101997545 0.892498762181415 -0.248747098214428 -0.482979968754221 -0.736250370328784 -0.874452383573074 -1.19886538533414 4.4026049169133
"236" 1.43222434092693 -1.47658061452627 -1.46071101997545 -1.41734706373742 -0.276320560674112 -0.557298190727759 -0.902521908343415 0.344806377683303 -1.19886538533414 3.13470810089544
"250" 1.43222434092693 -1.47658061452627 0.293896811826891 1.66244737082103 -0.662349035109694 -0.313109747100419 -0.550026247752398 -0.264823002944885 -0.465883369355819 3.95230846220978
"252" 1.43222434092693 -0.558499403421853 0.293896811826891 0.122550153541805 -0.655455669494773 1.63331987601606 -0.889220185302244 1.56406513893968 -1.19886538533414 9.88418765908801
"310" -1.05860059981555 0.971635948418841 -1.16827638134172 0.764173994074813 -1.21381828430338 -0.921811374693208 0.294633165361926 0.247265676782793 0.736207136848623 0.79700587182731
"45" -1.05860059981555 0.359581807682563 0.878766089094337 -0.134099382671399 -0.63477557265001 -1.41726618785013 -0.264039202367233 -0.264823002944885 0.325737207900764 7.15982879254699
"6" -1.05860059981555 0.359581807682563 0.586331450460614 -0.262424150778001 0.812831206483422 1.35728076582863 0.108409042785539 1.051976459212 -0.90567257894281 7.29508219901377
"85" -1.05860059981555 -0.558499403421853 1.17120072772806 2.04742167514083 1.48838103674569 -0.525447524167671 1.69131408468482 -0.630600631321798 -0.319286966160155 3.85234661615887
"94" -1.05860059981555 -0.558499403421853 -1.46071101997545 -0.00577461456479707 0.137281376221154 1.06000787793448 -1.28827187653736 0.17411015110741 -0.788395456386279 6.63888740876013
"101" -1.05860059981555 -1.47658061452627 -0.875841742708 -0.647398455097806 0.619816969265631 -1.11999329995598 -1.47449599911374 -0.411134054295651 0.208460085344233 1.05329443935401
"12" -1.05860059981555 -1.47658061452627 1.46363536636178 0.250874921648406 -0.152239979605532 -0.228174636273518 -0.822711570096392 -0.11851195159412 -0.964311140221075 7.05186774573277
"151" -0.062270623518562 1.27766301878698 -0.290972465440554 -1.16069752752421 -1.31032540291228 -0.327265598904902 -0.17092714107904 -0.850067208347946 0.443014330457295 4.25747173307837
"167" -0.062270623518562 0.359581807682563 1.17120072772806 0.250874921648406 1.68139527396348 0.762734990040326 1.41197790082024 -0.923222734023329 -0.729756895108014 6.46585937770223
"173" -0.062270623518562 0.359581807682563 -1.46071101997545 -1.03237275941761 0.716324087874527 1.85273557898555 -1.19515981524916 -0.996378259698712 0.149821524065968 8.93606860030975
"181" -0.062270623518562 0.359581807682563 -0.875841742708 -0.904047991311009 1.10235256231011 -0.822720412061824 1.22575377824386 0.759354356510471 -0.0847327210470937 6.16230078865791
"192" -0.062270623518562 -0.558499403421853 1.46363536636178 0.764173994074813 -1.50333964013007 1.15909884056586 -0.45026332494362 -1.06953378537409 -0.612479772551483 3.84761825212783
"205" -0.062270623518562 -0.558499403421853 -0.583407104074277 1.27747306650122 -1.02080404708559 1.5554626910914 -0.729599508808199 0.905665407861237 -0.436564088716686 3.27760757199199
"222" -0.062270623518562 -1.47658061452627 -1.16827638134172 0.379199689755008 1.00584544370121 -0.624538486799055 1.13264171695566 -0.191667477269502 -0.495202649994952 5.35303289507884
"23" -0.062270623518562 -1.47658061452627 0.293896811826891 -1.16069752752421 1.39187391813679 -1.51635715048151 0.480857287938312 -0.703756156997181 0.794845698126888 2.17873215799652
"25" 1.43222434092693 1.27766301878698 0.586331450460614 -0.519073686991204 1.87440951118127 -1.6154481131129 -0.636487447520006 -1.14268931104948 0.0911829627877025 3.76104244076896
"261" 1.43222434092693 1.27766301878698 1.46363536636178 2.04742167514083 1.77790239257238 0.267280176883404 -0.915823631384585 0.613043305159706 0.560291453013826 4.34103000207333
"291" 1.43222434092693 0.359581807682563 -1.75314565860917 -1.03237275941761 -0.8277898098678 -1.31817522521875 -0.077815079790847 -0.337978528620268 -0.847034017664545 6.80057429782525
"341" 1.43222434092693 -1.47658061452627 -1.46071101997545 -0.519073686991204 -0.538268454041114 1.75364461635417 0.573969349226505 -1.21584483672486 -1.19886538533414 14.411589374376
"351" 1.43222434092693 -1.47658061452627 -0.583407104074277 0.379199689755008 1.58488815535459 1.25818980319725 0.667081410514698 0.0277990997566456 -0.553841211273217 6.84547861321047
