"slope" "angle" "top.layer3" "bot.layer3" "vs2" "vs3" "vs4" "density" "freq" "train.response"
"1" -1.05860059981555 -1.47658061452627 -0.290972465440554 -1.03237275941761 0.357869075898629 -0.543142338923275 1.43858134690258 0.344806377683303 0.267098646622499 4.81372651423313
"3" -1.05860059981555 -0.558499403421853 -0.290972465440554 -0.647398455097806 0.371655807128471 1.59439128355373 0.840003810049914 -1.48408176420126 -0.465883369355819 6.15653301268306
"4" -1.05860059981555 -0.558499403421853 -0.290972465440554 0.122550153541805 0.337188979053866 1.32896906221967 0.56731848770592 1.56406513893968 0.267098646622499 2.77387444471221
"7" -1.05860059981555 0.971635948418841 -0.290972465440554 -1.41734706373742 0.247575226059892 -0.11492782183765 -0.137672833476114 0.344806377683303 1.73306267857914 1.29445380915949
"8" -1.05860059981555 0.971635948418841 -0.290972465440554 0.892498762181415 0.220001763600207 -0.086616118228683 -0.343849540614256 -0.264823002944885 2.46604469455745 0.259294242204279
"9" -1.05860059981555 0.359581807682563 -0.290972465440554 0.122550153541805 0.419909366432919 -1.28278559570754 -0.536724524711228 0.954435758311492 -1.19886538533414 4.85268562983867
"10" -1.05860059981555 0.359581807682563 -0.290972465440554 -0.647398455097806 0.385442538358314 -1.18369463307615 -0.716297785767029 -1.48408176420126 -0.465883369355819 3.90104358315279
"15" -1.05860059981555 -0.558499403421853 -0.290972465440554 0.50752445786161 0.309615516594181 0.783968767747051 -1.4478925530314 1.56406513893968 1.00008066260082 0.0685150420214017
"19" -1.05860059981555 -1.47658061452627 1.46363536636178 1.66244737082103 -0.0901996890712425 -0.274181154638089 0.853305533091084 -0.874452383573074 -0.465883369355819 3.90902255033693
"20" -1.05860059981555 -1.47658061452627 1.46363536636178 -1.41734706373742 -0.117773151530927 -0.352038339562748 0.587271072267675 0.344806377683303 0.267098646622499 2.9847983559384
"22" -1.05860059981555 0.971635948418841 1.46363536636178 -1.03237275941761 -0.234960366984586 0.0690982516206353 0.0951073197443688 0.954435758311492 2.46604469455745 2.4917632423534
"33" -1.05860059981555 -0.558499403421853 -1.46071101997545 -1.03237275941761 0.61292360365071 0.815819434307139 1.4784865160261 0.954435758311492 0.267098646622499 3.90120458630118
"34" -1.05860059981555 -0.558499403421853 -0.875841742708 1.27747306650122 0.578456775576105 0.918449359889644 1.16589602455859 -0.264823002944885 0.267098646622499 3.4255468001007
"35" -1.05860059981555 -1.47658061452627 -1.46071101997545 -0.647398455097806 0.626710334880552 -0.840415226817428 0.87325811765284 -1.48408176420126 -0.465883369355819 5.49993585572973
"36" -1.05860059981555 -1.47658061452627 -1.46071101997545 0.122550153541805 0.592243506805947 -0.950123078302175 0.600572795308846 0.954435758311492 0.267098646622499 2.16076531449216
"38" -1.05860059981555 0.971635948418841 -0.875841742708 0.50752445786161 0.447482828892604 0.274358102785646 0.108409042785539 1.56406513893968 2.46604469455745 0.599625840390127
"42" -1.05860059981555 0.971635948418841 -0.875841742708 -0.647398455097806 0.640497066110394 -0.00168100740178209 -0.689694339684688 -1.48408176420126 -0.465883369355819 5.65806997084936
"49" -1.05860059981555 -1.47658061452627 0.293896811826891 0.892498762181415 0.116601279376391 -0.80502559730622 1.49843910058785 1.56406513893968 0.267098646622499 1.12900767119691
"51" -1.05860059981555 -0.558499403421853 0.293896811826891 1.27747306650122 0.130388010606233 1.18387158122371 0.893210702214596 -0.264823002944885 -0.465883369355819 3.75453159379679
"52" -1.05860059981555 -0.558499403421853 0.293896811826891 -1.41734706373742 0.102814548146548 1.14494298876138 0.620525379870602 0.344806377683303 0.267098646622499 2.15151501531691
"55" -1.05860059981555 0.971635948418841 0.293896811826891 0.122550153541805 0.0200941607674952 0.507929657559623 -0.0977676643526027 1.56406513893968 1.73306267857914 1.37671205128289
"56" -1.05860059981555 0.971635948418841 0.293896811826891 -0.647398455097806 -0.00747930169218926 0.734423286431359 -0.303944371490745 -1.48408176420126 2.46604469455745 0.405543011537669
"57" -1.05860059981555 0.359581807682563 0.293896811826891 -1.41734706373742 0.178641569910681 -1.42080515080125 -0.503470217108301 0.344806377683303 -1.19886538533414 2.32393572481592
"58" -1.05860059981555 0.359581807682563 0.878766089094337 1.66244737082103 0.144174741836075 -1.36418174358332 -0.683043478164102 -0.874452383573074 -0.465883369355819 5.43598246642373
"65" -1.05860059981555 0.359581807682563 -0.875841742708 -1.03237275941761 -1.15867135938401 -1.11291537405374 1.51839168514961 0.954435758311492 -0.465883369355819 12.0530695766588
"68" -1.05860059981555 0.971635948418841 -0.875841742708 0.122550153541805 -1.16556472499893 0.539780324119711 0.633827102911772 0.954435758311492 0.267098646622499 9.69224601104116
"71" -1.05860059981555 -0.558499403421853 -0.875841742708 -1.41734706373742 -1.2207116499183 1.10955335925017 -0.0844659413114323 0.954435758311492 1.73306267857914 1.04485141860762
"73" -1.05860059981555 -1.47658061452627 -0.875841742708 0.122550153541805 -1.12420453130941 -0.405122783829561 -0.490168494067131 1.56406513893968 -1.19886538533414 8.07500149351764
"75" -1.05860059981555 -0.558499403421853 -0.875841742708 1.27747306650122 -1.11041780007957 1.77133943110977 -0.842664154658148 -0.264823002944885 -1.19886538533414 4.62465721378978
"76" -1.05860059981555 -0.558499403421853 -0.875841742708 -1.03237275941761 -1.13109789692433 1.73241083864744 -1.00228483115219 0.344806377683303 -1.19886538533414 9.62082846005591
"80" -1.05860059981555 0.971635948418841 -0.875841742708 -0.262424150778001 -1.20003155307354 0.214195732616591 -1.53435375279901 -1.48408176420126 1.00008066260082 1.51100163445096
"81" -1.05860059981555 0.971635948418841 0.878766089094337 0.892498762181415 -1.42061925275102 0.246046399176679 1.53834426971136 1.56406513893968 -0.465883369355819 9.48751087938509
"82" -1.05860059981555 0.971635948418841 0.878766089094337 0.122550153541805 -1.44129934959578 0.458384176243931 1.21910291672327 -1.48408176420126 0.267098646622499 5.92890075490969
"83" -1.05860059981555 0.359581807682563 0.878766089094337 1.27747306650122 -1.41372588713609 -1.2261621884896 0.926465009817522 -0.264823002944885 -0.465883369355819 5.02447995330096
"90" -0.062270623518562 -0.558499403421853 0.878766089094337 1.66244737082103 -1.40683252152117 1.51653409862907 -0.663090893602347 -0.874452383573074 -0.465883369355819 2.32415112572964
"99" -0.062270623518562 0.359581807682563 -1.46071101997545 -0.647398455097806 -1.00012395024083 -1.32525315112099 0.946417594379277 -1.48408176420126 -0.465883369355819 8.35324239212283
"100" -0.062270623518562 0.359581807682563 -1.46071101997545 -0.262424150778001 -1.02080404708559 -1.45619478031246 0.667081410514698 1.56406513893968 0.267098646622499 4.07291342479446
"106" -0.062270623518562 -0.558499403421853 -1.46071101997545 -0.647398455097806 -0.993230584625907 1.25465084024613 -0.649789170561176 -0.874452383573074 -0.465883369355819 9.72481767515244
"109" -0.062270623518562 1.27766301878698 -1.46071101997545 0.50752445786161 -1.04837750954528 0.667182990360062 -1.12865120004331 -0.874452383573074 1.00008066260082 0.449245667017916
"110" -0.062270623518562 1.27766301878698 -1.46071101997545 -1.41734706373742 -1.06905760639004 0.571630990679799 -1.2683192919756 0.954435758311492 1.73306267857914 1.55294282421661
"114" -0.062270623518562 0.359581807682563 0.293896811826891 -0.262424150778001 -1.31032540291228 -1.50220129867703 1.25900808584678 -0.874452383573074 0.267098646622499 7.3047171101316
"116" -0.062270623518562 1.27766301878698 0.293896811826891 -1.41734706373742 -1.30343203729736 -0.139700562495496 0.687033995076454 0.344806377683303 0.267098646622499 3.73265731912186
"121" -0.062270623518562 -1.47658061452627 0.293896811826891 -1.03237275941761 -1.26207184360783 -0.907655522888725 -0.45026332494362 0.344806377683303 -1.19886538533414 14.6996252364395
"122" -0.062270623518562 -1.47658061452627 0.293896811826891 1.27747306650122 -1.27585857483767 -0.882882782230879 -0.636487447520006 -0.264823002944885 -0.465883369355819 2.57553526624734
"123" -0.062270623518562 -0.558499403421853 0.293896811826891 0.122550153541805 -1.25517847799291 0.989228618912062 -0.809409847055222 -1.48408176420126 -1.19886538533414 8.49517159835302
"127" -0.062270623518562 1.27766301878698 0.293896811826891 -1.03237275941761 -1.3172187685272 0.334520472954701 -1.38803479934614 0.344806377683303 1.00008066260082 3.74405835872465
"129" -0.062270623518562 -1.47658061452627 -0.290972465440554 -1.41734706373742 1.48838103674569 -0.72362944943044 1.59820202339663 0.344806377683303 0.267098646622499 2.52791553799345
"132" -0.062270623518562 -0.558499403421853 -0.290972465440554 0.50752445786161 1.46770093990093 1.02107928547215 0.700335718117624 1.56406513893968 0.267098646622499 3.6531746171916
"135" -0.062270623518562 1.27766301878698 -0.290972465440554 -1.03237275941761 1.35051372444727 0.585786842484282 -0.0312590491467505 0.344806377683303 1.73306267857914 0.801785880191137
"139" -0.062270623518562 1.27766301878698 -0.290972465440554 0.892498762181415 1.59178152096951 0.171728177203141 -0.802758985534636 -0.874452383573074 -1.19886538533414 0.882512751503273
"143" -0.062270623518562 -0.558499403421853 -0.290972465440554 0.122550153541805 1.4263407462114 1.67224846847839 -1.38138393782555 0.954435758311492 1.00008066260082 0.0867400457194178
"147" -0.062270623518562 -1.47658061452627 1.46363536636178 2.04742167514083 0.902444959477396 -0.872265893377516 0.999624486543959 -0.874452383573074 -0.465883369355819 4.03545694288107
"148" -0.062270623518562 -1.47658061452627 1.46363536636178 -1.03237275941761 0.867978131402791 -0.939506189448813 0.72028830267938 0.954435758311492 0.267098646622499 5.34260309454109
"163" -0.062270623518562 -1.47658061452627 -0.875841742708 -0.262424150778001 1.84683604872159 -0.263564265784727 1.01957707110571 -0.874452383573074 -0.465883369355819 6.24415648071739
"164" -0.062270623518562 -1.47658061452627 -0.875841742708 0.50752445786161 1.79858248941714 -0.390966932025078 0.73359002572055 1.56406513893968 0.267098646622499 2.8345425110599
"169" -0.062270623518562 1.27766301878698 -0.875841742708 0.50752445786161 1.90887633925588 0.490234842804019 -0.417009017340693 1.56406513893968 -1.19886538533414 1.9198447869514
"170" -0.062270623518562 1.27766301878698 -0.875841742708 -0.262424150778001 1.86751614556635 0.716728471675755 -0.60323313991708 -1.48408176420126 -0.465883369355819 4.44766150952588
"177" 1.43222434092693 -1.47658061452627 0.878766089094337 0.50752445786161 1.17817958407424 -0.60330470909233 1.66471063860248 1.56406513893968 0.267098646622499 4.52452736944111
"179" 1.43222434092693 -0.558499403421853 0.878766089094337 2.04742167514083 1.19196631530408 1.45991069141114 1.03287879414689 -0.264823002944885 -0.465883369355819 4.78950033985369
"187" 1.43222434092693 1.27766301878698 0.878766089094337 -0.647398455097806 1.26779333706821 0.444228324439448 -0.76950467793171 -1.48408176420126 -1.19886538533414 1.58364821205418
"188" 1.43222434092693 1.27766301878698 0.878766089094337 0.50752445786161 1.23332650899361 0.288513954590129 -0.929125354425756 0.954435758311492 -0.465883369355819 5.96201409512164
"193" 1.43222434092693 0.359581807682563 -0.290972465440554 -1.41734706373742 -0.503801625966509 -1.56590263179721 1.68466322316424 0.344806377683303 0.267098646622499 3.8310545812987
"194" 1.43222434092693 0.359581807682563 -0.290972465440554 0.892498762181415 -0.531375088426193 -1.51281818753039 1.35877100865556 -0.874452383573074 0.267098646622499 2.86502237212799
"195" 1.43222434092693 1.27766301878698 -0.875841742708 -0.262424150778001 -0.490014894736666 -0.0441485628152325 1.05283137870864 -0.874452383573074 -0.465883369355819 10.214170021119
"202" 1.43222434092693 -1.47658061452627 -0.290972465440554 -0.262424150778001 -0.483121529121745 -0.826259375012945 -0.583280555355324 -1.48408176420126 -0.465883369355819 8.67843121371531
"208" 1.43222434092693 1.27766301878698 -0.290972465440554 -0.647398455097806 -0.565841916500799 0.476078990999535 -1.47449599911374 -1.48408176420126 1.00008066260082 0.992531248556363
"210" 1.43222434092693 1.27766301878698 1.46363536636178 -0.262424150778001 -0.876043369172248 0.231890547372195 1.37872359321732 -1.48408176420126 0.267098646622499 5.87661170363631
"212" 1.43222434092693 0.359581807682563 1.46363536636178 -0.647398455097806 -0.862256637942406 -1.41018826194789 0.786796917885232 0.344806377683303 0.267098646622499 11.0769515696007
"218" 1.43222434092693 -0.558499403421853 1.46363536636178 2.04742167514083 -0.834683175482722 1.20156639597931 -0.569978832314154 -0.264823002944885 -0.465883369355819 3.08080560231111
"221" 1.43222434092693 1.27766301878698 0.878766089094337 -0.262424150778001 -0.896723466017012 0.684877805115667 -1.06214258483746 -0.874452383573074 1.00008066260082 2.18594257944187
"226" 1.43222434092693 1.27766301878698 -1.46071101997545 0.50752445786161 -0.338360851208402 0.380526991319272 1.39867617777907 -0.264823002944885 0.267098646622499 8.42510683802972
"235" 1.43222434092693 -1.47658061452627 -1.46071101997545 0.892498762181415 -0.248747098214428 -0.482979968754221 -0.736250370328784 -0.874452383573074 -1.19886538533414 4.4026049169133
"241" 1.43222434092693 0.359581807682563 0.293896811826891 0.50752445786161 -0.683029131954457 -1.1235322629071 1.7445209768495 0.954435758311492 0.267098646622499 3.77472686248818
"250" 1.43222434092693 -1.47658061452627 0.293896811826891 1.66244737082103 -0.662349035109694 -0.313109747100419 -0.550026247752398 -0.264823002944885 -0.465883369355819 3.95230846220978
"251" 1.43222434092693 -0.558499403421853 0.293896811826891 -0.262424150778001 -0.627882207035089 1.91289794915461 -0.722948647287614 -1.48408176420126 -1.19886538533414 9.78599695980453
"252" 1.43222434092693 -0.558499403421853 0.293896811826891 0.122550153541805 -0.655455669494773 1.63331987601606 -0.889220185302244 1.56406513893968 -1.19886538533414 9.88418765908801
"255" 1.43222434092693 1.27766301878698 0.293896811826891 -1.41734706373742 -0.717495960029063 0.111565807034086 -1.32817704566087 0.344806377683303 1.00008066260082 0.622617192001749
"111" -1.05860059981555 0.971635948418841 -0.583407104074277 -1.28902229563081 0.0407742576122585 0.564553064777557 -1.10204775396097 -0.776911682672563 0.267098646622499 7.28935942683821
"310" -1.05860059981555 0.971635948418841 -1.16827638134172 0.764173994074813 -1.21381828430338 -0.921811374693208 0.294633165361926 0.247265676782793 0.736207136848623 0.79700587182731
"5" -1.05860059981555 0.359581807682563 -0.290972465440554 1.02082353028802 -0.345254216823323 0.960916915303095 0.853305533091084 0.539887779484324 -0.671118333829748 6.19466393925818
"72" -1.05860059981555 -0.558499403421853 -1.75314565860917 0.764173994074813 0.523309850656736 1.65455365372279 -0.543375386231813 0.686198830835089 -0.0260941597688282 5.12275390518743
"94" -1.05860059981555 -0.558499403421853 -1.46071101997545 -0.00577461456479707 0.137281376221154 1.06000787793448 -1.28827187653736 0.17411015110741 -0.788395456386279 6.63888740876013
"101" -1.05860059981555 -1.47658061452627 -0.875841742708 -0.647398455097806 0.619816969265631 -1.11999329995598 -1.47449599911374 -0.411134054295651 0.208460085344233 1.05329443935401
"13" -0.062270623518562 1.27766301878698 -1.75314565860917 -0.904047991311009 0.233788494830049 -1.02090233732459 -1.56760806040194 0.978820933536619 -0.377925527438421 5.47253152350248
"151" -0.062270623518562 1.27766301878698 -0.290972465440554 -1.16069752752421 -1.31032540291228 -0.327265598904902 -0.17092714107904 -0.850067208347946 0.443014330457295 4.25747173307837
"173" -0.062270623518562 0.359581807682563 -1.46071101997545 -1.03237275941761 0.716324087874527 1.85273557898555 -1.19515981524916 -0.996378259698712 0.149821524065968 8.93606860030975
"181" -0.062270623518562 0.359581807682563 -0.875841742708 -0.904047991311009 1.10235256231011 -0.822720412061824 1.22575377824386 0.759354356510471 -0.0847327210470937 6.16230078865791
"192" -0.062270623518562 -0.558499403421853 1.46363536636178 0.764173994074813 -1.50333964013007 1.15909884056586 -0.45026332494362 -1.06953378537409 -0.612479772551483 3.84761825212783
"311" 1.43222434092693 -0.558499403421853 0.293896811826891 -0.519073686991204 -0.924296928476696 -1.21908426258736 0.760193471802891 -0.0453564259187371 -0.143371282325359 9.43424096577323
"331" 1.43222434092693 -0.558499403421853 -1.16827638134172 -0.519073686991204 -0.055732860996637 -0.129083673642133 1.31886583953205 -1.36215588807562 0.0325444015094373 6.96968119316905
