"slope" "angle" "top.layer3" "bot.layer3" "vs2" "vs3" "vs4" "density" "freq" "train.response"
"11" -1.05860059981555 0.971635948418841 -0.290972465440554 1.27747306650122 0.433696097662761 0.398221806074876 -0.882569323781659 -0.264823002944885 -1.19886538533414 1.67327546707172
"17" -1.05860059981555 -0.558499403421853 1.46363536636178 1.27747306650122 -0.103986420301085 1.65455365372279 1.45853393146434 1.56406513893968 0.267098646622499 4.10892967746936
"18" -1.05860059981555 -0.558499403421853 1.46363536636178 0.122550153541805 -0.131559882760769 1.85273557898555 1.14594343999683 -0.874452383573074 0.267098646622499 1.24096396730653
"21" -1.05860059981555 0.971635948418841 1.46363536636178 2.04742167514083 -0.207386904524901 0.157572325398657 0.327887472964852 -0.264823002944885 2.46604469455745 0.0272045587473325
"22" -1.05860059981555 0.971635948418841 1.46363536636178 -1.03237275941761 -0.234960366984586 0.0690982516206353 0.0951073197443688 0.954435758311492 2.46604469455745 2.4917632423534
"28" -1.05860059981555 0.359581807682563 1.46363536636178 0.892498762181415 -0.0626262266115581 -1.15184396651606 -1.02888827723453 1.56406513893968 -1.19886538533414 1.60916871258269
"29" -1.05860059981555 -0.558499403421853 1.46363536636178 -0.262424150778001 -0.159133345220454 1.29357943270846 -1.17520723068741 -1.48408176420126 1.00008066260082 3.64939742992065
"31" -1.05860059981555 -1.47658061452627 1.46363536636178 -0.647398455097806 -0.145346613990611 -0.734246338283802 -1.44124169151082 0.344806377683303 1.00008066260082 4.52899380622143
"35" -1.05860059981555 -1.47658061452627 -1.46071101997545 -0.647398455097806 0.626710334880552 -0.840415226817428 0.87325811765284 -1.48408176420126 -0.465883369355819 5.49993585572973
"39" -1.05860059981555 0.359581807682563 -1.46071101997545 -1.41734706373742 0.495736388197051 -1.26509078095193 -0.111069387393773 0.344806377683303 1.73306267857914 0.762002599397073
"41" -1.05860059981555 0.971635948418841 -1.46071101997545 -0.262424150778001 0.674963894185 -0.19632396971343 -0.510121078628887 1.56406513893968 -1.19886538533414 6.00392120168807
"43" -1.05860059981555 0.359581807682563 -1.46071101997545 0.892498762181415 0.695643991029763 -1.54112989113936 -0.862616739219903 -0.264823002944885 -1.19886538533414 0.853013615858084
"49" -1.05860059981555 -1.47658061452627 0.293896811826891 0.892498762181415 0.116601279376391 -0.80502559730622 1.49843910058785 1.56406513893968 0.267098646622499 1.12900767119691
"52" -1.05860059981555 -0.558499403421853 0.293896811826891 -1.41734706373742 0.102814548146548 1.14494298876138 0.620525379870602 0.344806377683303 0.267098646622499 2.15151501531691
"58" -1.05860059981555 0.359581807682563 0.878766089094337 1.66244737082103 0.144174741836075 -1.36418174358332 -0.683043478164102 -0.874452383573074 -0.465883369355819 5.43598246642373
"61" -1.05860059981555 -1.47658061452627 0.293896811826891 -0.647398455097806 0.0614543544570218 -0.249408413980243 -1.15525464612565 -1.48408176420126 1.00008066260082 3.43315325739171
"63" -1.05860059981555 -0.558499403421853 0.293896811826891 -1.03237275941761 0.075241085686864 1.69348224618511 -1.42128910694906 0.954435758311492 1.00008066260082 3.9943293204413
"67" -1.05860059981555 0.971635948418841 -0.875841742708 -0.647398455097806 -1.15177799376909 0.69903365692015 0.906512425255766 -0.874452383573074 -0.465883369355819 4.57849948861167
"71" -1.05860059981555 -0.558499403421853 -0.875841742708 -1.41734706373742 -1.2207116499183 1.10955335925017 -0.0844659413114323 0.954435758311492 1.73306267857914 1.04485141860762
"74" -1.05860059981555 -1.47658061452627 -0.875841742708 -0.647398455097806 -1.13799126253925 -0.221096710371276 -0.669741755122932 -1.48408176420126 -0.465883369355819 7.80109807477832
"79" -1.05860059981555 0.971635948418841 -0.875841742708 0.50752445786161 -1.1862448218437 0.0124748444027014 -1.41463824542848 1.56406513893968 1.00008066260082 1.01680392068397
"81" -1.05860059981555 0.971635948418841 0.878766089094337 0.892498762181415 -1.42061925275102 0.246046399176679 1.53834426971136 1.56406513893968 -0.465883369355819 9.48751087938509
"91" -0.062270623518562 -1.47658061452627 0.878766089094337 0.122550153541805 -1.38615242467641 -0.468824116949737 -0.829362431616977 -0.874452383573074 -1.19886538533414 11.2728410313799
"106" -0.062270623518562 -0.558499403421853 -1.46071101997545 -0.647398455097806 -0.993230584625907 1.25465084024613 -0.649789170561176 -0.874452383573074 -0.465883369355819 9.72481767515244
"110" -0.062270623518562 1.27766301878698 -1.46071101997545 -1.41734706373742 -1.06905760639004 0.571630990679799 -1.2683192919756 0.954435758311492 1.73306267857914 1.55294282421661
"115" -0.062270623518562 1.27766301878698 0.293896811826891 1.27747306650122 -1.28964530606751 -0.058304414619716 0.959719317420448 -0.874452383573074 -0.465883369355819 5.64765895373347
"136" -0.062270623518562 1.27766301878698 -0.290972465440554 1.27747306650122 1.30915353075774 0.61763750904437 -0.244086617805478 -0.264823002944885 2.46604469455745 0.0145646361715714
"145" -0.062270623518562 -0.558499403421853 1.46363536636178 0.50752445786161 0.881764862632633 0.798124619551535 1.61815460795839 0.954435758311492 0.267098646622499 3.13660831032821
"146" -0.062270623518562 -0.558499403421853 1.46363536636178 -0.647398455097806 0.847298034558028 0.971533804156457 1.29891325497029 -0.874452383573074 0.267098646622499 7.03496060260836
"149" -0.062270623518562 1.27766301878698 1.46363536636178 1.66244737082103 0.743897550334211 0.41237765787936 0.454253841855971 -0.874452383573074 2.46604469455745 0.157272446135389
"156" -0.062270623518562 0.359581807682563 1.46363536636178 0.50752445786161 0.936911787552002 -1.60129226130842 -0.949077938987511 1.56406513893968 -0.465883369355819 7.16304383241438
"163" -0.062270623518562 -1.47658061452627 -0.875841742708 -0.262424150778001 1.84683604872159 -0.263564265784727 1.01957707110571 -0.874452383573074 -0.465883369355819 6.24415648071739
"170" -0.062270623518562 1.27766301878698 -0.875841742708 -0.262424150778001 1.86751614556635 0.716728471675755 -0.60323313991708 -1.48408176420126 -0.465883369355819 4.44766150952588
"177" 1.43222434092693 -1.47658061452627 0.878766089094337 0.50752445786161 1.17817958407424 -0.60330470909233 1.66471063860248 1.56406513893968 0.267098646622499 4.52452736944111
"179" 1.43222434092693 -0.558499403421853 0.878766089094337 2.04742167514083 1.19196631530408 1.45991069141114 1.03287879414689 -0.264823002944885 -0.465883369355819 4.78950033985369
"185" 1.43222434092693 0.359581807682563 0.878766089094337 -1.03237275941761 1.25400660583837 -1.2757076698053 -0.403707294299523 0.954435758311492 -1.19886538533414 3.12747700980897
"188" 1.43222434092693 1.27766301878698 0.878766089094337 0.50752445786161 1.23332650899361 0.288513954590129 -0.929125354425756 0.954435758311492 -0.465883369355819 5.96201409512164
"191" 1.43222434092693 -0.558499403421853 0.878766089094337 -1.41734706373742 1.11613929353995 0.833514249062743 -1.3614313532638 0.954435758311492 1.00008066260082 1.20513491421836
"201" 1.43222434092693 -1.47658061452627 -0.290972465440554 0.50752445786161 -0.455548066662061 -0.985512707813384 -0.390405571258353 1.56406513893968 -1.19886538533414 8.53989134875181
"211" 1.43222434092693 0.359581807682563 0.878766089094337 2.04742167514083 -0.841576541097643 -1.39249344719228 1.0727839632704 -0.264823002944885 -0.465883369355819 1.79921599729927
"212" 1.43222434092693 0.359581807682563 1.46363536636178 -0.647398455097806 -0.862256637942406 -1.41018826194789 0.786796917885232 0.344806377683303 0.267098646622499 11.0769515696007
"219" 1.43222434092693 -1.47658061452627 0.878766089094337 -0.262424150778001 -0.800216347408116 -0.652850190408022 -0.749552093369955 -1.48408176420126 -1.19886538533414 13.801607516847
"220" 1.43222434092693 -1.47658061452627 1.46363536636178 0.892498762181415 -0.820896444252879 -0.769635967795011 -0.909172769864 0.954435758311492 -1.19886538533414 7.42769562868397
"221" 1.43222434092693 1.27766301878698 0.878766089094337 -0.262424150778001 -0.896723466017012 0.684877805115667 -1.06214258483746 -0.874452383573074 1.00008066260082 2.18594257944187
"236" 1.43222434092693 -1.47658061452627 -1.46071101997545 -1.41734706373742 -0.276320560674112 -0.557298190727759 -0.902521908343415 0.344806377683303 -1.19886538533414 3.13470810089544
"241" 1.43222434092693 0.359581807682563 0.293896811826891 0.50752445786161 -0.683029131954457 -1.1235322629071 1.7445209768495 0.954435758311492 0.267098646622499 3.77472686248818
"249" 1.43222434092693 -1.47658061452627 0.293896811826891 -0.647398455097806 -0.641668938264931 -0.341421450709386 -0.357151263655426 0.344806377683303 -1.19886538533414 12.9255272874524
"5" -1.05860059981555 0.359581807682563 -0.290972465440554 1.02082353028802 -0.345254216823323 0.960916915303095 0.853305533091084 0.539887779484324 -0.671118333829748 6.19466393925818
"25" 1.43222434092693 1.27766301878698 0.586331450460614 -0.519073686991204 1.87440951118127 -1.6154481131129 -0.636487447520006 -1.14268931104948 0.0911829627877025 3.76104244076896
"341" 1.43222434092693 -1.47658061452627 -1.46071101997545 -0.519073686991204 -0.538268454041114 1.75364461635417 0.573969349226505 -1.21584483672486 -1.19886538533414 14.411589374376
