"slope" "angle" "top.layer3" "bot.layer3" "vs2" "vs3" "vs4" "density" "freq" "train.response"
"3" -1.05860059981555 -0.558499403421853 -0.290972465440554 -0.647398455097806 0.371655807128471 1.59439128355373 0.840003810049914 -1.48408176420126 -0.465883369355819 6.15653301268306
"10" -1.05860059981555 0.359581807682563 -0.290972465440554 -0.647398455097806 0.385442538358314 -1.18369463307615 -0.716297785767029 -1.48408176420126 -0.465883369355819 3.90104358315279
"15" -1.05860059981555 -0.558499403421853 -0.290972465440554 0.50752445786161 0.309615516594181 0.783968767747051 -1.4478925530314 1.56406513893968 1.00008066260082 0.0685150420214017
"16" -1.05860059981555 -0.558499403421853 -0.290972465440554 -0.262424150778001 0.282042054134497 0.953838989400853 -1.56095719888135 -0.874452383573074 1.00008066260082 0.663824858914628
"17" -1.05860059981555 -0.558499403421853 1.46363536636178 1.27747306650122 -0.103986420301085 1.65455365372279 1.45853393146434 1.56406513893968 0.267098646622499 4.10892967746936
"18" -1.05860059981555 -0.558499403421853 1.46363536636178 0.122550153541805 -0.131559882760769 1.85273557898555 1.14594343999683 -0.874452383573074 0.267098646622499 1.24096396730653
"19" -1.05860059981555 -1.47658061452627 1.46363536636178 1.66244737082103 -0.0901996890712425 -0.274181154638089 0.853305533091084 -0.874452383573074 -0.465883369355819 3.90902255033693
"21" -1.05860059981555 0.971635948418841 1.46363536636178 2.04742167514083 -0.207386904524901 0.157572325398657 0.327887472964852 -0.264823002944885 2.46604469455745 0.0272045587473325
"27" -1.05860059981555 0.359581807682563 1.46363536636178 0.122550153541805 -0.0350527641518737 -1.00674648552011 -0.869267600740489 -1.48408176420126 -1.19886538533414 0.739268711780998
"31" -1.05860059981555 -1.47658061452627 1.46363536636178 -0.647398455097806 -0.145346613990611 -0.734246338283802 -1.44124169151082 0.344806377683303 1.00008066260082 4.52899380622143
"33" -1.05860059981555 -0.558499403421853 -1.46071101997545 -1.03237275941761 0.61292360365071 0.815819434307139 1.4784865160261 0.954435758311492 0.267098646622499 3.90120458630118
"35" -1.05860059981555 -1.47658061452627 -1.46071101997545 -0.647398455097806 0.626710334880552 -0.840415226817428 0.87325811765284 -1.48408176420126 -0.465883369355819 5.49993585572973
"37" -1.05860059981555 0.971635948418841 -1.46071101997545 -0.647398455097806 0.481949656967209 0.426533509683843 0.347840057526607 -0.874452383573074 2.46604469455745 0.399419705319921
"44" -1.05860059981555 0.359581807682563 -0.875841742708 -1.03237275941761 0.661177162955158 -1.55882470589497 -1.01558655419336 0.344806377683303 -0.465883369355819 5.77086613560601
"50" -1.05860059981555 -1.47658061452627 0.878766089094337 0.122550153541805 0.0890278169167062 -0.64223330155466 1.18584860912035 -1.48408176420126 0.267098646622499 2.32610270316033
"51" -1.05860059981555 -0.558499403421853 0.293896811826891 1.27747306650122 0.130388010606233 1.18387158122371 0.893210702214596 -0.264823002944885 -0.465883369355819 3.75453159379679
"58" -1.05860059981555 0.359581807682563 0.878766089094337 1.66244737082103 0.144174741836075 -1.36418174358332 -0.683043478164102 -0.874452383573074 -0.465883369355819 5.43598246642373
"63" -1.05860059981555 -0.558499403421853 0.293896811826891 -1.03237275941761 0.075241085686864 1.69348224618511 -1.42128910694906 0.954435758311492 1.00008066260082 3.9943293204413
"65" -1.05860059981555 0.359581807682563 -0.875841742708 -1.03237275941761 -1.15867135938401 -1.11291537405374 1.51839168514961 0.954435758311492 -0.465883369355819 12.0530695766588
"66" -1.05860059981555 0.359581807682563 -0.875841742708 1.27747306650122 -1.17935145622878 -1.04921404093356 1.2058011936821 -0.874452383573074 0.267098646622499 4.1414297503581
"71" -1.05860059981555 -0.558499403421853 -0.875841742708 -1.41734706373742 -1.2207116499183 1.10955335925017 -0.0844659413114323 0.954435758311492 1.73306267857914 1.04485141860762
"73" -1.05860059981555 -1.47658061452627 -0.875841742708 0.122550153541805 -1.12420453130941 -0.405122783829561 -0.490168494067131 1.56406513893968 -1.19886538533414 8.07500149351764
"75" -1.05860059981555 -0.558499403421853 -0.875841742708 1.27747306650122 -1.11041780007957 1.77133943110977 -0.842664154658148 -0.264823002944885 -1.19886538533414 4.62465721378978
"80" -1.05860059981555 0.971635948418841 -0.875841742708 -0.262424150778001 -1.20003155307354 0.214195732616591 -1.53435375279901 -1.48408176420126 1.00008066260082 1.51100163445096
"89" -0.062270623518562 -0.558499403421853 0.878766089094337 -1.41734706373742 -1.39304579029133 1.4032872841932 -0.47686677102596 0.954435758311492 -1.19886538533414 9.24077835507144
"90" -0.062270623518562 -0.558499403421853 0.878766089094337 1.66244737082103 -1.40683252152117 1.51653409862907 -0.663090893602347 -0.874452383573074 -0.465883369355819 2.32415112572964
"91" -0.062270623518562 -1.47658061452627 0.878766089094337 0.122550153541805 -1.38615242467641 -0.468824116949737 -0.829362431616977 -0.874452383573074 -1.19886538533414 11.2728410313799
"92" -0.062270623518562 -1.47658061452627 0.878766089094337 1.27747306650122 -1.39993915590625 -0.592687820238967 -0.988983108111023 1.56406513893968 -1.19886538533414 5.80469579034407
"97" -0.062270623518562 1.27766301878698 -1.46071101997545 -1.03237275941761 -1.01391068147067 0.0974099552296023 1.55829685427312 0.344806377683303 -0.465883369355819 9.45139276464606
"98" -0.062270623518562 1.27766301878698 -1.46071101997545 0.892498762181415 -1.02769741270051 0.125721658838569 1.23905550128503 -0.264823002944885 0.267098646622499 5.66492882004402
"99" -0.062270623518562 0.359581807682563 -1.46071101997545 -0.647398455097806 -1.00012395024083 -1.32525315112099 0.946417594379277 -1.48408176420126 -0.465883369355819 8.35324239212283
"100" -0.062270623518562 0.359581807682563 -1.46071101997545 -0.262424150778001 -1.02080404708559 -1.45619478031246 0.667081410514698 1.56406513893968 0.267098646622499 4.07291342479446
"108" -0.062270623518562 -1.47658061452627 -1.46071101997545 -1.03237275941761 -0.979443853396065 -0.759019078941648 -0.982332246590437 0.954435758311492 -1.19886538533414 6.61243080203906
"109" -0.062270623518562 1.27766301878698 -1.46071101997545 0.50752445786161 -1.04837750954528 0.667182990360062 -1.12865120004331 -0.874452383573074 1.00008066260082 0.449245667017916
"110" -0.062270623518562 1.27766301878698 -1.46071101997545 -1.41734706373742 -1.06905760639004 0.571630990679799 -1.2683192919756 0.954435758311492 1.73306267857914 1.55294282421661
"115" -0.062270623518562 1.27766301878698 0.293896811826891 1.27747306650122 -1.28964530606751 -0.058304414619716 0.959719317420448 -0.874452383573074 -0.465883369355819 5.64765895373347
"116" -0.062270623518562 1.27766301878698 0.293896811826891 -1.41734706373742 -1.30343203729736 -0.139700562495496 0.687033995076454 0.344806377683303 0.267098646622499 3.73265731912186
"122" -0.062270623518562 -1.47658061452627 0.293896811826891 1.27747306650122 -1.27585857483767 -0.882882782230879 -0.636487447520006 -0.264823002944885 -0.465883369355819 2.57553526624734
"123" -0.062270623518562 -0.558499403421853 0.293896811826891 0.122550153541805 -1.25517847799291 0.989228618912062 -0.809409847055222 -1.48408176420126 -1.19886538533414 8.49517159835302
"124" -0.062270623518562 -0.558499403421853 0.293896811826891 0.50752445786161 -1.26896520922275 0.748579138235842 -0.969030523549267 1.56406513893968 -1.19886538533414 6.85388260476834
"129" -0.062270623518562 -1.47658061452627 -0.290972465440554 -1.41734706373742 1.48838103674569 -0.72362944943044 1.59820202339663 0.344806377683303 0.267098646622499 2.52791553799345
"130" -0.062270623518562 -1.47658061452627 -0.290972465440554 0.892498762181415 1.44702084305616 -0.698856708772594 1.27896067040854 -0.264823002944885 0.267098646622499 2.23058428738241
"132" -0.062270623518562 -0.558499403421853 -0.290972465440554 0.50752445786161 1.46770093990093 1.02107928547215 0.700335718117624 1.56406513893968 0.267098646622499 3.6531746171916
"135" -0.062270623518562 1.27766301878698 -0.290972465440554 -1.03237275941761 1.35051372444727 0.585786842484282 -0.0312590491467505 0.344806377683303 1.73306267857914 0.801785880191137
"139" -0.062270623518562 1.27766301878698 -0.290972465440554 0.892498762181415 1.59178152096951 0.171728177203141 -0.802758985534636 -0.874452383573074 -1.19886538533414 0.882512751503273
"140" -0.062270623518562 1.27766301878698 -0.290972465440554 -1.41734706373742 1.55042132727998 0.0832541034251188 -0.962379662028682 0.344806377683303 -0.465883369355819 6.47037755698952
"143" -0.062270623518562 -0.558499403421853 -0.290972465440554 0.122550153541805 1.4263407462114 1.67224846847839 -1.38138393782555 0.954435758311492 1.00008066260082 0.0867400457194178
"145" -0.062270623518562 -0.558499403421853 1.46363536636178 0.50752445786161 0.881764862632633 0.798124619551535 1.61815460795839 0.954435758311492 0.267098646622499 3.13660831032821
"146" -0.062270623518562 -0.558499403421853 1.46363536636178 -0.647398455097806 0.847298034558028 0.971533804156457 1.29891325497029 -0.874452383573074 0.267098646622499 7.03496060260836
"149" -0.062270623518562 1.27766301878698 1.46363536636178 1.66244737082103 0.743897550334211 0.41237765787936 0.454253841855971 -0.874452383573074 2.46604469455745 0.157272446135389
"150" -0.062270623518562 1.27766301878698 1.46363536636178 -1.41734706373742 0.709430722259605 0.320364621150217 0.208171965594318 0.344806377683303 2.46604469455745 0.98130303399399
"153" -0.062270623518562 1.27766301878698 1.46363536636178 -1.03237275941761 0.950698518781844 -0.125544710691013 -0.430310740381864 0.344806377683303 -1.19886538533414 6.70091605246083
"154" -0.062270623518562 1.27766301878698 1.46363536636178 1.66244737082103 0.916231690707239 -0.100771970033166 -0.61653486295825 -0.264823002944885 -0.465883369355819 6.3643993502872
"155" -0.062270623518562 0.359581807682563 1.46363536636178 -0.262424150778001 0.971378615626607 -1.47742855801919 -0.789457262493466 -1.48408176420126 -1.19886538533414 1.86689384310461
"156" -0.062270623518562 0.359581807682563 1.46363536636178 0.50752445786161 0.936911787552002 -1.60129226130842 -0.949077938987511 1.56406513893968 -0.465883369355819 7.16304383241438
"157" -0.062270623518562 -0.558499403421853 1.46363536636178 0.122550153541805 0.812831206483422 1.57669646879813 -1.10204775396097 -1.48408176420126 1.00008066260082 2.28561684853823
"159" -0.062270623518562 -1.47658061452627 1.46363536636178 -1.03237275941761 0.833511303328185 -0.532525450069913 -1.37473307630497 0.344806377683303 1.00008066260082 4.86261724558085
"164" -0.062270623518562 -1.47658061452627 -0.875841742708 0.50752445786161 1.79858248941714 -0.390966932025078 0.73359002572055 1.56406513893968 0.267098646622499 2.8345425110599
"179" 1.43222434092693 -0.558499403421853 0.878766089094337 2.04742167514083 1.19196631530408 1.45991069141114 1.03287879414689 -0.264823002944885 -0.465883369355819 4.78950033985369
"188" 1.43222434092693 1.27766301878698 0.878766089094337 0.50752445786161 1.23332650899361 0.288513954590129 -0.929125354425756 0.954435758311492 -0.465883369355819 5.96201409512164
"194" 1.43222434092693 0.359581807682563 -0.290972465440554 0.892498762181415 -0.531375088426193 -1.51281818753039 1.35877100865556 -0.874452383573074 0.267098646622499 2.86502237212799
"195" 1.43222434092693 1.27766301878698 -0.875841742708 -0.262424150778001 -0.490014894736666 -0.0441485628152325 1.05283137870864 -0.874452383573074 -0.465883369355819 10.214170021119
"208" 1.43222434092693 1.27766301878698 -0.290972465440554 -0.647398455097806 -0.565841916500799 0.476078990999535 -1.47449599911374 -1.48408176420126 1.00008066260082 0.992531248556363
"209" 1.43222434092693 1.27766301878698 1.46363536636178 0.50752445786161 -0.855363272327485 0.0266306962071849 1.70461580772599 1.56406513893968 -0.465883369355819 10.6779945637374
"211" 1.43222434092693 0.359581807682563 0.878766089094337 2.04742167514083 -0.841576541097643 -1.39249344719228 1.0727839632704 -0.264823002944885 -0.465883369355819 1.79921599729927
"219" 1.43222434092693 -1.47658061452627 0.878766089094337 -0.262424150778001 -0.800216347408116 -0.652850190408022 -0.749552093369955 -1.48408176420126 -1.19886538533414 13.801607516847
"220" 1.43222434092693 -1.47658061452627 1.46363536636178 0.892498762181415 -0.820896444252879 -0.769635967795011 -0.909172769864 0.954435758311492 -1.19886538533414 7.42769562868397
"221" 1.43222434092693 1.27766301878698 0.878766089094337 -0.262424150778001 -0.896723466017012 0.684877805115667 -1.06214258483746 -0.874452383573074 1.00008066260082 2.18594257944187
"234" 1.43222434092693 -0.558499403421853 -1.46071101997545 -0.647398455097806 -0.283213926289033 1.5377678763358 -0.556677109272983 -0.874452383573074 -0.465883369355819 13.1853338205206
"235" 1.43222434092693 -1.47658061452627 -1.46071101997545 0.892498762181415 -0.248747098214428 -0.482979968754221 -0.736250370328784 -0.874452383573074 -1.19886538533414 4.4026049169133
"242" 1.43222434092693 0.359581807682563 0.293896811826891 -0.647398455097806 -0.710602594414142 -1.01736337437347 1.41862876234083 -1.48408176420126 0.267098646622499 12.6580360756314
"243" 1.43222434092693 1.27766301878698 0.293896811826891 1.66244737082103 -0.676135766339536 0.649488175604458 1.10603827087332 -0.264823002944885 -0.465883369355819 6.48085903532658
"244" 1.43222434092693 1.27766301878698 0.293896811826891 -1.03237275941761 -0.6968158631843 0.553936175924195 0.820051225488158 0.954435758311492 0.267098646622499 11.0382777391334
"250" 1.43222434092693 -1.47658061452627 0.293896811826891 1.66244737082103 -0.662349035109694 -0.313109747100419 -0.550026247752398 -0.264823002944885 -0.465883369355819 3.95230846220978
"251" 1.43222434092693 -0.558499403421853 0.293896811826891 -0.262424150778001 -0.627882207035089 1.91289794915461 -0.722948647287614 -1.48408176420126 -1.19886538533414 9.78599695980453
"252" 1.43222434092693 -0.558499403421853 0.293896811826891 0.122550153541805 -0.655455669494773 1.63331987601606 -0.889220185302244 1.56406513893968 -1.19886538533414 9.88418765908801
"255" 1.43222434092693 1.27766301878698 0.293896811826891 -1.41734706373742 -0.717495960029063 0.111565807034086 -1.32817704566087 0.344806377683303 1.00008066260082 0.622617192001749
"85" -1.05860059981555 -0.558499403421853 1.17120072772806 2.04742167514083 1.48838103674569 -0.525447524167671 1.69131408468482 -0.630600631321798 -0.319286966160155 3.85234661615887
"112" -1.05860059981555 -1.47658061452627 0.00146217319316832 -0.775723223204407 -1.11731116569449 0.366371139514788 0.946417594379277 1.12513198488738 0.38437576917903 12.2133667850905
"12" -1.05860059981555 -1.47658061452627 1.46363536636178 0.250874921648406 -0.152239979605532 -0.228174636273518 -0.822711570096392 -0.11851195159412 -0.964311140221075 7.05186774573277
"13" -0.062270623518562 1.27766301878698 -1.75314565860917 -0.904047991311009 0.233788494830049 -1.02090233732459 -1.56760806040194 0.978820933536619 -0.377925527438421 5.47253152350248
"181" -0.062270623518562 0.359581807682563 -0.875841742708 -0.904047991311009 1.10235256231011 -0.822720412061824 1.22575377824386 0.759354356510471 -0.0847327210470937 6.16230078865791
"192" -0.062270623518562 -0.558499403421853 1.46363536636178 0.764173994074813 -1.50333964013007 1.15909884056586 -0.45026332494362 -1.06953378537409 -0.612479772551483 3.84761825212783
"213" -0.062270623518562 -0.558499403421853 0.878766089094337 0.50752445786161 1.2953667995279 0.86182595267171 1.50508996210844 -1.28900036240024 -0.26064840488189 3.25781415229759
"23" -0.062270623518562 -1.47658061452627 0.293896811826891 -1.16069752752421 1.39187391813679 -1.51635715048151 0.480857287938312 -0.703756156997181 0.794845698126888 2.17873215799652
"25" 1.43222434092693 1.27766301878698 0.586331450460614 -0.519073686991204 1.87440951118127 -1.6154481131129 -0.636487447520006 -1.14268931104948 0.0911829627877025 3.76104244076896
"271" 1.43222434092693 1.27766301878698 0.00146217319316832 -1.28902229563081 0.42680273204784 -0.72362944943044 -1.00893569267278 0.393576728133558 0.501652891735561 1.52691640065428
"331" 1.43222434092693 -0.558499403421853 -1.16827638134172 -0.519073686991204 -0.055732860996637 -0.129083673642133 1.31886583953205 -1.36215588807562 0.0325444015094373 6.96968119316905
"341" 1.43222434092693 -1.47658061452627 -1.46071101997545 -0.519073686991204 -0.538268454041114 1.75364461635417 0.573969349226505 -1.21584483672486 -1.19886538533414 14.411589374376
"351" 1.43222434092693 -1.47658061452627 -0.583407104074277 0.379199689755008 1.58488815535459 1.25818980319725 0.667081410514698 0.0277990997566456 -0.553841211273217 6.84547861321047
