"slope" "angle" "top.layer3" "bot.layer3" "vs2" "vs3" "vs4" "density" "freq" "train.response"
"1" -1.05860059981555 -1.47658061452627 -0.290972465440554 -1.03237275941761 0.357869075898629 -0.543142338923275 1.43858134690258 0.344806377683303 0.267098646622499 4.81372651423313
"4" -1.05860059981555 -0.558499403421853 -0.290972465440554 0.122550153541805 0.337188979053866 1.32896906221967 0.56731848770592 1.56406513893968 0.267098646622499 2.77387444471221
"11" -1.05860059981555 0.971635948418841 -0.290972465440554 1.27747306650122 0.433696097662761 0.398221806074876 -0.882569323781659 -0.264823002944885 -1.19886538533414 1.67327546707172
"15" -1.05860059981555 -0.558499403421853 -0.290972465440554 0.50752445786161 0.309615516594181 0.783968767747051 -1.4478925530314 1.56406513893968 1.00008066260082 0.0685150420214017
"20" -1.05860059981555 -1.47658061452627 1.46363536636178 -1.41734706373742 -0.117773151530927 -0.352038339562748 0.587271072267675 0.344806377683303 0.267098646622499 2.9847983559384
"21" -1.05860059981555 0.971635948418841 1.46363536636178 2.04742167514083 -0.207386904524901 0.157572325398657 0.327887472964852 -0.264823002944885 2.46604469455745 0.0272045587473325
"27" -1.05860059981555 0.359581807682563 1.46363536636178 0.122550153541805 -0.0350527641518737 -1.00674648552011 -0.869267600740489 -1.48408176420126 -1.19886538533414 0.739268711780998
"31" -1.05860059981555 -1.47658061452627 1.46363536636178 -0.647398455097806 -0.145346613990611 -0.734246338283802 -1.44124169151082 0.344806377683303 1.00008066260082 4.52899380622143
"33" -1.05860059981555 -0.558499403421853 -1.46071101997545 -1.03237275941761 0.61292360365071 0.815819434307139 1.4784865160261 0.954435758311492 0.267098646622499 3.90120458630118
"34" -1.05860059981555 -0.558499403421853 -0.875841742708 1.27747306650122 0.578456775576105 0.918449359889644 1.16589602455859 -0.264823002944885 0.267098646622499 3.4255468001007
"36" -1.05860059981555 -1.47658061452627 -1.46071101997545 0.122550153541805 0.592243506805947 -0.950123078302175 0.600572795308846 0.954435758311492 0.267098646622499 2.16076531449216
"39" -1.05860059981555 0.359581807682563 -1.46071101997545 -1.41734706373742 0.495736388197051 -1.26509078095193 -0.111069387393773 0.344806377683303 1.73306267857914 0.762002599397073
"41" -1.05860059981555 0.971635948418841 -1.46071101997545 -0.262424150778001 0.674963894185 -0.19632396971343 -0.510121078628887 1.56406513893968 -1.19886538533414 6.00392120168807
"42" -1.05860059981555 0.971635948418841 -0.875841742708 -0.647398455097806 0.640497066110394 -0.00168100740178209 -0.689694339684688 -1.48408176420126 -0.465883369355819 5.65806997084936
"44" -1.05860059981555 0.359581807682563 -0.875841742708 -1.03237275941761 0.661177162955158 -1.55882470589497 -1.01558655419336 0.344806377683303 -0.465883369355819 5.77086613560601
"49" -1.05860059981555 -1.47658061452627 0.293896811826891 0.892498762181415 0.116601279376391 -0.80502559730622 1.49843910058785 1.56406513893968 0.267098646622499 1.12900767119691
"51" -1.05860059981555 -0.558499403421853 0.293896811826891 1.27747306650122 0.130388010606233 1.18387158122371 0.893210702214596 -0.264823002944885 -0.465883369355819 3.75453159379679
"52" -1.05860059981555 -0.558499403421853 0.293896811826891 -1.41734706373742 0.102814548146548 1.14494298876138 0.620525379870602 0.344806377683303 0.267098646622499 2.15151501531691
"57" -1.05860059981555 0.359581807682563 0.293896811826891 -1.41734706373742 0.178641569910681 -1.42080515080125 -0.503470217108301 0.344806377683303 -1.19886538533414 2.32393572481592
"60" -1.05860059981555 0.971635948418841 0.878766089094337 1.27747306650122 0.157961473065917 0.0407865480116684 -1.00893569267278 1.56406513893968 -1.19886538533414 2.88799504310422
"61" -1.05860059981555 -1.47658061452627 0.293896811826891 -0.647398455097806 0.0614543544570218 -0.249408413980243 -1.15525464612565 -1.48408176420126 1.00008066260082 3.43315325739171
"66" -1.05860059981555 0.359581807682563 -0.875841742708 1.27747306650122 -1.17935145622878 -1.04921404093356 1.2058011936821 -0.874452383573074 0.267098646622499 4.1414297503581
"67" -1.05860059981555 0.971635948418841 -0.875841742708 -0.647398455097806 -1.15177799376909 0.69903365692015 0.906512425255766 -0.874452383573074 -0.465883369355819 4.57849948861167
"71" -1.05860059981555 -0.558499403421853 -0.875841742708 -1.41734706373742 -1.2207116499183 1.10955335925017 -0.0844659413114323 0.954435758311492 1.73306267857914 1.04485141860762
"73" -1.05860059981555 -1.47658061452627 -0.875841742708 0.122550153541805 -1.12420453130941 -0.405122783829561 -0.490168494067131 1.56406513893968 -1.19886538533414 8.07500149351764
"74" -1.05860059981555 -1.47658061452627 -0.875841742708 -0.647398455097806 -1.13799126253925 -0.221096710371276 -0.669741755122932 -1.48408176420126 -0.465883369355819 7.80109807477832
"78" -1.05860059981555 0.359581807682563 -0.875841742708 -1.41734706373742 -1.21381828430338 -1.39957137309453 -1.28827187653736 0.344806377683303 1.73306267857914 0.229706008386563
"79" -1.05860059981555 0.971635948418841 -0.875841742708 0.50752445786161 -1.1862448218437 0.0124748444027014 -1.41463824542848 1.56406513893968 1.00008066260082 1.01680392068397
"82" -1.05860059981555 0.971635948418841 0.878766089094337 0.122550153541805 -1.44129934959578 0.458384176243931 1.21910291672327 -1.48408176420126 0.267098646622499 5.92890075490969
"89" -0.062270623518562 -0.558499403421853 0.878766089094337 -1.41734706373742 -1.39304579029133 1.4032872841932 -0.47686677102596 0.954435758311492 -1.19886538533414 9.24077835507144
"90" -0.062270623518562 -0.558499403421853 0.878766089094337 1.66244737082103 -1.40683252152117 1.51653409862907 -0.663090893602347 -0.874452383573074 -0.465883369355819 2.32415112572964
"95" -0.062270623518562 0.359581807682563 0.878766089094337 -1.03237275941761 -1.4481927152107 -1.57651952065057 -1.40798738390789 0.954435758311492 1.00008066260082 2.82906858051329
"97" -0.062270623518562 1.27766301878698 -1.46071101997545 -1.03237275941761 -1.01391068147067 0.0974099552296023 1.55829685427312 0.344806377683303 -0.465883369355819 9.45139276464606
"100" -0.062270623518562 0.359581807682563 -1.46071101997545 -0.262424150778001 -1.02080404708559 -1.45619478031246 0.667081410514698 1.56406513893968 0.267098646622499 4.07291342479446
"105" -0.062270623518562 -0.558499403421853 -1.46071101997545 0.122550153541805 -0.972550487781144 1.07416372973896 -0.46356504798479 0.954435758311492 -1.19886538533414 6.24400943795181
"106" -0.062270623518562 -0.558499403421853 -1.46071101997545 -0.647398455097806 -0.993230584625907 1.25465084024613 -0.649789170561176 -0.874452383573074 -0.465883369355819 9.72481767515244
"109" -0.062270623518562 1.27766301878698 -1.46071101997545 0.50752445786161 -1.04837750954528 0.667182990360062 -1.12865120004331 -0.874452383573074 1.00008066260082 0.449245667017916
"113" -0.062270623518562 0.359581807682563 0.293896811826891 0.892498762181415 -1.29653867168244 -1.59421433540617 1.57824943883487 0.954435758311492 -0.465883369355819 6.56571906628
"122" -0.062270623518562 -1.47658061452627 0.293896811826891 1.27747306650122 -1.27585857483767 -0.882882782230879 -0.636487447520006 -0.264823002944885 -0.465883369355819 2.57553526624734
"125" -0.062270623518562 0.359581807682563 0.293896811826891 -0.647398455097806 -1.33100549975704 -1.16246085536943 -1.12200033852273 -1.48408176420126 1.00008066260082 1.41654376390764
"127" -0.062270623518562 1.27766301878698 0.293896811826891 -1.03237275941761 -1.3172187685272 0.334520472954701 -1.38803479934614 0.344806377683303 1.00008066260082 3.74405835872465
"130" -0.062270623518562 -1.47658061452627 -0.290972465440554 0.892498762181415 1.44702084305616 -0.698856708772594 1.27896067040854 -0.264823002944885 0.267098646622499 2.23058428738241
"131" -0.062270623518562 -0.558499403421853 -0.290972465440554 -0.262424150778001 1.50906113359045 1.27234565500173 0.979671901982204 -1.48408176420126 -0.465883369355819 6.67828714805618
"138" -0.062270623518562 0.359581807682563 -0.290972465440554 -0.262424150778001 1.52974123043522 -1.35356485472995 -0.629836585999421 -0.874452383573074 -0.465883369355819 5.71170659614216
"139" -0.062270623518562 1.27766301878698 -0.290972465440554 0.892498762181415 1.59178152096951 0.171728177203141 -0.802758985534636 -0.874452383573074 -1.19886538533414 0.882512751503273
"140" -0.062270623518562 1.27766301878698 -0.290972465440554 -1.41734706373742 1.55042132727998 0.0832541034251188 -0.962379662028682 0.344806377683303 -0.465883369355819 6.47037755698952
"143" -0.062270623518562 -0.558499403421853 -0.290972465440554 0.122550153541805 1.4263407462114 1.67224846847839 -1.38138393782555 0.954435758311492 1.00008066260082 0.0867400457194178
"145" -0.062270623518562 -0.558499403421853 1.46363536636178 0.50752445786161 0.881764862632633 0.798124619551535 1.61815460795839 0.954435758311492 0.267098646622499 3.13660831032821
"148" -0.062270623518562 -1.47658061452627 1.46363536636178 -1.03237275941761 0.867978131402791 -0.939506189448813 0.72028830267938 0.954435758311492 0.267098646622499 5.34260309454109
"153" -0.062270623518562 1.27766301878698 1.46363536636178 -1.03237275941761 0.950698518781844 -0.125544710691013 -0.430310740381864 0.344806377683303 -1.19886538533414 6.70091605246083
"154" -0.062270623518562 1.27766301878698 1.46363536636178 1.66244737082103 0.916231690707239 -0.100771970033166 -0.61653486295825 -0.264823002944885 -0.465883369355819 6.3643993502872
"156" -0.062270623518562 0.359581807682563 1.46363536636178 0.50752445786161 0.936911787552002 -1.60129226130842 -0.949077938987511 1.56406513893968 -0.465883369355819 7.16304383241438
"164" -0.062270623518562 -1.47658061452627 -0.875841742708 0.50752445786161 1.79858248941714 -0.390966932025078 0.73359002572055 1.56406513893968 0.267098646622499 2.8345425110599
"166" -0.062270623518562 1.27766301878698 -0.875841742708 0.122550153541805 1.61246161781427 0.0549423998161518 0.228124550156073 0.954435758311492 2.46604469455745 0.507224689465081
"170" -0.062270623518562 1.27766301878698 -0.875841742708 -0.262424150778001 1.86751614556635 0.716728471675755 -0.60323313991708 -1.48408176420126 -0.465883369355819 4.44766150952588
"172" 1.43222434092693 0.359581807682563 -0.875841742708 -1.41734706373742 1.88819624241111 -1.08106470749365 -0.942427077466926 0.344806377683303 -0.465883369355819 3.9106337016924
"177" 1.43222434092693 -1.47658061452627 0.878766089094337 0.50752445786161 1.17817958407424 -0.60330470909233 1.66471063860248 1.56406513893968 0.267098646622499 4.52452736944111
"186" 1.43222434092693 0.359581807682563 0.878766089094337 2.04742167514083 1.21264641214885 -1.21554529963624 -0.589931416875909 -0.874452383573074 -0.465883369355819 5.99915075190007
"187" 1.43222434092693 1.27766301878698 0.878766089094337 -0.647398455097806 1.26779333706821 0.444228324439448 -0.76950467793171 -1.48408176420126 -1.19886538533414 1.58364821205418
"194" 1.43222434092693 0.359581807682563 -0.290972465440554 0.892498762181415 -0.531375088426193 -1.51281818753039 1.35877100865556 -0.874452383573074 0.267098646622499 2.86502237212799
"196" 1.43222434092693 1.27766301878698 -0.290972465440554 0.50752445786161 -0.517588357196351 -0.182168117908946 0.766844333323476 1.56406513893968 0.267098646622499 8.83316179481902
"203" 1.43222434092693 -0.558499403421853 -0.875841742708 0.892498762181415 -0.44865470104714 0.90075454513404 -0.75620295489054 -0.264823002944885 -1.19886538533414 4.71253444448021
"204" 1.43222434092693 -0.558499403421853 -0.290972465440554 -1.41734706373742 -0.469334797891903 0.868903878573952 -0.92247449290517 0.344806377683303 -1.19886538533414 3.14569627590837
"208" 1.43222434092693 1.27766301878698 -0.290972465440554 -0.647398455097806 -0.565841916500799 0.476078990999535 -1.47449599911374 -1.48408176420126 1.00008066260082 0.992531248556363
"211" 1.43222434092693 0.359581807682563 0.878766089094337 2.04742167514083 -0.841576541097643 -1.39249344719228 1.0727839632704 -0.264823002944885 -0.465883369355819 1.79921599729927
"212" 1.43222434092693 0.359581807682563 1.46363536636178 -0.647398455097806 -0.862256637942406 -1.41018826194789 0.786796917885232 0.344806377683303 0.267098646622499 11.0769515696007
"217" 1.43222434092693 -0.558499403421853 1.46363536636178 -1.03237275941761 -0.814003078637958 1.09185854449457 -0.383754709737767 0.954435758311492 -1.19886538533414 14.5085439980126
"220" 1.43222434092693 -1.47658061452627 1.46363536636178 0.892498762181415 -0.820896444252879 -0.769635967795011 -0.909172769864 0.954435758311492 -1.19886538533414 7.42769562868397
"225" 1.43222434092693 1.27766301878698 -1.46071101997545 -1.41734706373742 -0.310787388748718 0.352215287710305 1.72456839228775 0.344806377683303 0.267098646622499 5.46144640283467
"228" 1.43222434092693 0.359581807682563 -1.46071101997545 0.122550153541805 -0.32457411997856 -1.31463626226763 0.800098640926402 1.56406513893968 0.267098646622499 7.62054034796495
"233" 1.43222434092693 -0.558499403421853 -1.46071101997545 0.50752445786161 -0.26253382944427 1.34666387697527 -0.370452986696597 1.56406513893968 -1.19886538533414 6.55123917385077
"235" 1.43222434092693 -1.47658061452627 -1.46071101997545 0.892498762181415 -0.248747098214428 -0.482979968754221 -0.736250370328784 -0.874452383573074 -1.19886538533414 4.4026049169133
"236" 1.43222434092693 -1.47658061452627 -1.46071101997545 -1.41734706373742 -0.276320560674112 -0.557298190727759 -0.902521908343415 0.344806377683303 -1.19886538533414 3.13470810089544
"244" 1.43222434092693 1.27766301878698 0.293896811826891 -1.03237275941761 -0.6968158631843 0.553936175924195 0.820051225488158 0.954435758311492 0.267098646622499 11.0382777391334
"249" 1.43222434092693 -1.47658061452627 0.293896811826891 -0.647398455097806 -0.641668938264931 -0.341421450709386 -0.357151263655426 0.344806377683303 -1.19886538533414 12.9255272874524
"250" 1.43222434092693 -1.47658061452627 0.293896811826891 1.66244737082103 -0.662349035109694 -0.313109747100419 -0.550026247752398 -0.264823002944885 -0.465883369355819 3.95230846220978
"255" 1.43222434092693 1.27766301878698 0.293896811826891 -1.41734706373742 -0.717495960029063 0.111565807034086 -1.32817704566087 0.344806377683303 1.00008066260082 0.622617192001749
"45" -1.05860059981555 0.359581807682563 0.878766089094337 -0.134099382671399 -0.63477557265001 -1.41726618785013 -0.264039202367233 -0.264823002944885 0.325737207900764 7.15982879254699
"6" -1.05860059981555 0.359581807682563 0.586331450460614 -0.262424150778001 0.812831206483422 1.35728076582863 0.108409042785539 1.051976459212 -0.90567257894281 7.29508219901377
"14" -0.062270623518562 1.27766301878698 0.00146217319316832 1.53412260271442 0.909338325092317 0.465462102146173 1.59820202339663 0.832509882185855 -1.14022682405587 0.957813089041396
"167" -0.062270623518562 0.359581807682563 1.17120072772806 0.250874921648406 1.68139527396348 0.762734990040326 1.41197790082024 -0.923222734023329 -0.729756895108014 6.46585937770223
"173" -0.062270623518562 0.359581807682563 -1.46071101997545 -1.03237275941761 0.716324087874527 1.85273557898555 -1.19515981524916 -0.996378259698712 0.149821524065968 8.93606860030975
"213" -0.062270623518562 -0.558499403421853 0.878766089094337 0.50752445786161 1.2953667995279 0.86182595267171 1.50508996210844 -1.28900036240024 -0.26064840488189 3.25781415229759
"25" 1.43222434092693 1.27766301878698 0.586331450460614 -0.519073686991204 1.87440951118127 -1.6154481131129 -0.636487447520006 -1.14268931104948 0.0911829627877025 3.76104244076896
"261" 1.43222434092693 1.27766301878698 1.46363536636178 2.04742167514083 1.77790239257238 0.267280176883404 -0.915823631384585 0.613043305159706 0.560291453013826 4.34103000207333
"271" 1.43222434092693 1.27766301878698 0.00146217319316832 -1.28902229563081 0.42680273204784 -0.72362944943044 -1.00893569267278 0.393576728133558 0.501652891735561 1.52691640065428
"311" 1.43222434092693 -0.558499403421853 0.293896811826891 -0.519073686991204 -0.924296928476696 -1.21908426258736 0.760193471802891 -0.0453564259187371 -0.143371282325359 9.43424096577323
"32" 1.43222434092693 -0.558499403421853 1.17120072772806 2.04742167514083 1.198859680919 1.45637172846002 0.0152969814973461 0.320421202458176 0.677568575570357 1.44857755501742
"331" 1.43222434092693 -0.558499403421853 -1.16827638134172 -0.519073686991204 -0.055732860996637 -0.129083673642133 1.31886583953205 -1.36215588807562 0.0325444015094373 6.96968119316905
"351" 1.43222434092693 -1.47658061452627 -0.583407104074277 0.379199689755008 1.58488815535459 1.25818980319725 0.667081410514698 0.0277990997566456 -0.553841211273217 6.84547861321047
